199  	0    14834.3             
199  	1    14838.1             
199  	2    14843               
199  	3    14849               
199  	4    14856               
199  	5    14864.9             
199  	6    14875.2             
199  	7    14887.3             
199  	8    14901.7             
199  	9    14917.7             
199  	10   14935.5             
199  	11   14954.2             
199  	12   14972.9             
199  	13   14991.2             
199  	14   15004.4             
199  	15   15013.2             
199  	16   15016               
199  	17   15005.6             
199  	18   14988               
199  	19   14962.8             
199  	20   14928.7             
199  	21   14896.2             
199  	22   14867               
199  	23   14846               
199  	24   14833.7             
199  	25   14828.4             
199  	26   14829.8             
199  	27   14835.2             
199  	28   14848.7             
199  	29   14875.5             
199  	30   14909.6             
199  	31   14941.3             
199  	32   14933.4             
199  	33   14909.3             
199  	34   14874.4             
199  	35   14864.2             
199  	36   14868.3             
199  	37   14903.3             
199  	38   14914.6             
199  	39   14897.1             
199  	40   14847.6             
199  	41   14858.3             
199  	42   14892.1             
199  	43   14938.9             
199  	44   14856.2             
199  	45   14828               
199  	46   14918.5             
199  	47   14890               
199  	48   14857.4             
199  	49   14899.8             
199  	50   14878.1             
199  	51   14862.2             
199  	52   14901.4             
199  	53   14917.5             
199  	54   14908.3             
199  	55   14858.8             
199  	56   14832.7             
199  	57   14826.5             
199  	58   14840.1             
199  	59   14850.4             
199  	60   14866.3             
199  	61   14910.5             
199  	62   14921.6             
199  	63   14908.5             
199  	64   14871.8             
199  	65   14855.6             
199  	66   14854.5             
199  	67   14894.9             
199  	68   14888.2             
199  	69   14865.2             
199  	70   14873.5             
199  	71   14871.1             
199  	72   14864               
199  	73   14864.3             
199  	74   14863.7             
199  	75   14868.3             
199  	76   14908               
199  	77   14916.9             
199  	78   14902.9             
199  	79   14903.4             
199  	80   14904.6             
199  	81   14905.7             
199  	82   14898.2             
199  	83   14894.6             
199  	84   14893.3             
199  	85   14896.7             
199  	86   14900.2             
199  	87   14903.7             
199  	88   14905.3             
199  	89   14907.6             
199  	90   14910.5             
199  	91   14913.3             
199  	92   14915.9             
199  	93   14918.4             
199  	94   14922.1             
199  	95   14927.1             
199  	96   14933.4             
199  	97   14941.1             
199  	98   14949.8             
199  	99   14959.3             
199  	100  14967.7             
199  	101  14978.7             
199  	102  14992.2             
199  	103  15009.9             
199  	104  15029.7             
199  	105  15051.9             
199  	106  15079.2             
199  	107  15111.1             
199  	108  15148.4             
199  	109  15194.9             
199  	110  15250.1             
199  	111  15315.8             
199  	112  15400.6             
199  	113  15502.6             
199  	114  15626.2             
199  	115  15781.7             
199  	116  15962.7             
199  	117  16173.4             
199  	118  16435.8             
199  	119  16738.4             
199  	120  17085.2             
199  	121  17470               
199  	122  17885.2             
199  	123  18321.4             
199  	124  18733               
199  	125  19139.8             
199  	126  19523.9             
199  	127  19911               
199  	128  20324               
199  	129  20772.7             
199  	130  21217.8             
199  	131  21640.8             
199  	132  22002               
199  	133  22423.5             
199  	134  22882.9             
199  	135  23384.2             
199  	136  23835.3             
199  	137  24324.5             
199  	138  24917.3             
199  	139  25456.1             
199  	140  25984.3             
199  	141  26502.3             
199  	142  26955.4             
199  	143  27372.1             
199  	144  27728.4             
199  	145  28068.8             
199  	146  28367.4             
199  	147  28555.5             
199  	148  28752.6             
199  	149  28924.5             
199  	150  29008.7             
199  	151  29088.8             
199  	152  29157.9             
199  	153  29194               
199  	154  29230.1             
199  	155  29269.6             
199  	156  29317.9             
199  	157  29384.3             
199  	158  29470               
199  	159  29597.5             
199  	160  29759.9             
199  	161  29951.7             
199  	162  30195.8             
199  	163  30466.2             
199  	164  30754.1             
199  	165  31050.5             
199  	166  31321.6             
199  	167  31568.1             
199  	168  31743.5             
199  	169  31856.5             
199  	170  31924.7             
199  	171  31927.4             
199  	172  31900.5             
199  	173  31854               
199  	174  31779.2             
199  	175  31696.8             
199  	176  31616.3             
199  	177  31556.4             
199  	178  31515.3             
199  	179  31485.2             
199  	180  31437.8             
199  	181  31406.9             
199  	182  31385.8             
199  	183  31360.4             
199  	184  31320.4             
199  	185  31268.4             
199  	186  31190.3             
199  	187  31084.2             
199  	188  30957.1             
199  	189  30834.6             
199  	190  30668.5             
199  	191  30465.5             
199  	192  30214.8             
199  	193  29929.8             
199  	194  29614.1             
199  	195  29203.8             
199  	196  28749.3             
199  	197  28256.7             
199  	198  27628.7             
199  	199  26942               
199  	200  26208.4             
199  	201  25328.6             
199  	202  24407.2             
199  	203  23460.8             
199  	204  22411.7             
199  	205  21384.7             
199  	206  20397.9             
199  	207  19433.7             
199  	208  18592.3             
199  	209  17868.8             
199  	210  17276.9             
199  	211  16813.3             
199  	212  16455.5             
199  	213  16197.3             
199  	214  15999.2             
199  	215  15852               
199  	216  15743.5             
199  	217  15642.7             
199  	218  15562.6             
199  	219  15485.7             
199  	220  15418               
199  	221  15355.7             
199  	222  15294.1             
199  	223  15235.8             
199  	224  15179.8             
199  	225  15124               
199  	226  15074.7             
199  	227  15031.6             
199  	228  14996.7             
199  	229  14969.5             
199  	230  14949.7             
199  	231  14935.5             
199  	232  14924.5             
199  	233  14916.2             
199  	234  14910.3             
199  	235  14905.6             
199  	236  14901.9             
199  	237  14898.6             
199  	238  14895.8             
199  	239  14893.7             
199  	240  14891.7             
199  	241  14889.7             
199  	242  14888.1             
199  	243  14886.7             
199  	244  14885.5             
199  	245  14884.2             
199  	246  14882.8             
199  	247  14881.5             
199  	248  14880.5             
199  	249  14879.4             
199  	250  14878               
199  	251  14876.4             
199  	252  14874.1             
199  	253  14870.8             
199  	254  14865.5             
199  	255  15116.5             
199  	256  16241.7             
199  	257  15702.7             
199  	258  15680.8             
199  	259  15662.1             
199  	260  15622.8             
199  	261  15573.7             
199  	262  15525.6             
199  	263  15473.5             
199  	264  15421.4             
199  	265  15380.1             
199  	266  15324.6             
199  	267  15253.5             
199  	268  15185.9             
199  	269  15104.8             
199  	270  15035               
199  	271  14982               
199  	272  14941.6             
199  	273  14916.6             
199  	274  14900.9             
199  	275  14892.4             
199  	276  14887.6             
199  	277  14884.7             
199  	278  14883               
199  	279  14882               
199  	280  14881.4             
199  	281  14881               
199  	282  14880.6             
199  	283  14880.3             
199  	284  14880.2             
199  	285  14880               
199  	286  14879.9             
199  	287  14879.8             
199  	288  14879.7             
199  	289  14879.6             
199  	290  14879.5             
199  	291  14879.5             
199  	292  14879.4             
199  	293  14879.4             
199  	294  14879.3             
199  	295  14879.3             
199  	296  14879.2             
199  	297  14879.2             
199  	298  14879.2             
199  	299  14879.2             
