292  	0    14924.6             
292  	1    14952.8             
292  	2    14990.4             
292  	3    15036.8             
292  	4    15093.8             
292  	5    15168               
292  	6    15257.9             
292  	7    15366.5             
292  	8    15499.7             
292  	9    15654.1             
292  	10   15832.1             
292  	11   16024.3             
292  	12   16224.2             
292  	13   16424.8             
292  	14   16573.2             
292  	15   16673.2             
292  	16   16705.1             
292  	17   16585.3             
292  	18   16385.7             
292  	19   16109.7             
292  	20   15755.5             
292  	21   15439.7             
292  	22   15177.7             
292  	23   15005.6             
292  	24   14915.9             
292  	25   14880.4             
292  	26   14887.5             
292  	27   14917.5             
292  	28   15007.5             
292  	29   15214.8             
292  	30   15514.1             
292  	31   15815.6             
292  	32   15738.7             
292  	33   15514.5             
292  	34   15217.8             
292  	35   15137.9             
292  	36   15166.4             
292  	37   15449.9             
292  	38   15541               
292  	39   15384.1             
292  	40   15000.5             
292  	41   15095               
292  	42   15393.7             
292  	43   15828               
292  	44   15080.5             
292  	45   14879               
292  	46   15646.7             
292  	47   15366.5             
292  	48   15077.1             
292  	49   15421.4             
292  	50   15235.6             
292  	51   15110.5             
292  	52   15411.6             
292  	53   15570.7             
292  	54   15513.9             
292  	55   15108.2             
292  	56   14907.3             
292  	57   14861.4             
292  	58   14946.5             
292  	59   15015.1             
292  	60   15137.6             
292  	61   15516.4             
292  	62   15593.2             
292  	63   15451               
292  	64   15154.8             
292  	65   15040.5             
292  	66   15036.3             
292  	67   15318               
292  	68   15267.6             
292  	69   15103.8             
292  	70   15137.2             
292  	71   15123.5             
292  	72   15089               
292  	73   15085               
292  	74   15073.6             
292  	75   15095.3             
292  	76   15323.8             
292  	77   15370.6             
292  	78   15277.9             
292  	79   15259.9             
292  	80   15257.5             
292  	81   15260.3             
292  	82   15194.9             
292  	83   15160.1             
292  	84   15141.1             
292  	85   15142.6             
292  	86   15144.6             
292  	87   15146.8             
292  	88   15136.4             
292  	89   15129.2             
292  	90   15124.4             
292  	91   15116.7             
292  	92   15105               
292  	93   15091               
292  	94   15081.6             
292  	95   15075.5             
292  	96   15072.8             
292  	97   15068.5             
292  	98   15063.9             
292  	99   15058.9             
292  	100  15044.4             
292  	101  15034.8             
292  	102  15029.4             
292  	103  15024.5             
292  	104  15018.4             
292  	105  15011.5             
292  	106  15004.6             
292  	107  14998.2             
292  	108  14991.6             
292  	109  14985.9             
292  	110  14980.5             
292  	111  14975.5             
292  	112  14970.5             
292  	113  14966.1             
292  	114  14962.5             
292  	115  14959.1             
292  	116  14955.9             
292  	117  14953               
292  	118  14950.5             
292  	119  14948.2             
292  	120  14946.2             
292  	121  14944.4             
292  	122  14942.9             
292  	123  14941.4             
292  	124  14940.1             
292  	125  14938.9             
292  	126  14937.9             
292  	127  14936.9             
292  	128  14936               
292  	129  14935.3             
292  	130  14934.5             
292  	131  14933.8             
292  	132  14933.3             
292  	133  14932.9             
292  	134  14932.6             
292  	135  14932.5             
292  	136  14932.6             
292  	137  14932.8             
292  	138  14933.3             
292  	139  14933.9             
292  	140  14934.8             
292  	141  14935.9             
292  	142  14937.3             
292  	143  14938.8             
292  	144  14940.5             
292  	145  14942.3             
292  	146  14944.4             
292  	147  14946.6             
292  	148  14948.9             
292  	149  14951.4             
292  	150  14954.1             
292  	151  14957               
292  	152  14960.1             
292  	153  14963.2             
292  	154  14966.5             
292  	155  14969.9             
292  	156  14973.5             
292  	157  14977.1             
292  	158  14980.7             
292  	159  14983.9             
292  	160  14986.5             
292  	161  14988.6             
292  	162  14989.4             
292  	163  14989.2             
292  	164  14988.1             
292  	165  14985.4             
292  	166  14982.3             
292  	167  14978.9             
292  	168  14975.1             
292  	169  14971.4             
292  	170  14967.8             
292  	171  14964.3             
292  	172  14961.6             
292  	173  14959.5             
292  	174  14958.4             
292  	175  14958               
292  	176  14958               
292  	177  14957.9             
292  	178  14958.1             
292  	179  14958.7             
292  	180  14959.8             
292  	181  14960.1             
292  	182  14960               
292  	183  14962               
292  	184  14963.7             
292  	185  14965               
292  	186  14965.7             
292  	187  14966.2             
292  	188  14966.7             
292  	189  14967.3             
292  	190  14968.7             
292  	191  14970.6             
292  	192  14971.7             
292  	193  14973               
292  	194  14974.5             
292  	195  14976.1             
292  	196  14977.8             
292  	197  14979.5             
292  	198  14982.4             
292  	199  14984.9             
292  	200  14987.1             
292  	201  14990.7             
292  	202  14994.3             
292  	203  14998               
292  	204  15002.2             
292  	205  15006.3             
292  	206  15010.2             
292  	207  15014.2             
292  	208  15018.8             
292  	209  15024.2             
292  	210  15028.6             
292  	211  15033.5             
292  	212  15039.1             
292  	213  15044.3             
292  	214  15049.8             
292  	215  15055.9             
292  	216  15061.6             
292  	217  15067.1             
292  	218  15072.3             
292  	219  15081               
292  	220  15085.2             
292  	221  15091.2             
292  	222  15097.6             
292  	223  15103.9             
292  	224  15109.8             
292  	225  15115.7             
292  	226  15121.7             
292  	227  15128.1             
292  	228  15134.1             
292  	229  15139.9             
292  	230  15145.5             
292  	231  15150.5             
292  	232  15156               
292  	233  15162.9             
292  	234  15168.6             
292  	235  15174               
292  	236  15178.9             
292  	237  15184               
292  	238  15189.3             
292  	239  15195.5             
292  	240  15201               
292  	241  15206.8             
292  	242  15213.4             
292  	243  15220               
292  	244  15227               
292  	245  15234.8             
292  	246  15243.8             
292  	247  15253.7             
292  	248  15265.7             
292  	249  15281.9             
292  	250  15302.5             
292  	251  15331.8             
292  	252  15384.8             
292  	253  15481.1             
292  	254  15705.4             
292  	255  15333.7             
292  	256  15148.4             
292  	257  15140.4             
292  	258  15171.8             
292  	259  15196.6             
292  	260  15213               
292  	261  15225.1             
292  	262  15234.6             
292  	263  15241.1             
292  	264  15246.5             
292  	265  15250.9             
292  	266  15253.6             
292  	267  15256.9             
292  	268  15260.4             
292  	269  15262.8             
292  	270  15267.9             
292  	271  15273.9             
292  	272  15276.4             
292  	273  15280.1             
292  	274  15284.2             
292  	275  15287               
292  	276  15287.3             
292  	277  15286.2             
292  	278  15284.4             
292  	279  15283.2             
292  	280  15282.2             
292  	281  15279.9             
292  	282  15278.2             
292  	283  15276.8             
292  	284  15274.4             
292  	285  15272.8             
292  	286  15271.9             
292  	287  15270.6             
292  	288  15269.5             
292  	289  15268.4             
292  	290  15267.6             
292  	291  15266.8             
292  	292  15266.2             
292  	293  15265.5             
292  	294  15265               
292  	295  15264.4             
292  	296  15263.7             
292  	297  15263.2             
292  	298  15262.9             
292  	299  15262.4             
