246  	0    15265.2             
246  	1    15399.2             
246  	2    15584.8             
246  	3    15823               
246  	4    16128.5             
246  	5    16543.5             
246  	6    17071.2             
246  	7    17742.7             
246  	8    18611.1             
246  	9    19674.7             
246  	10   20969.5             
246  	11   22447.7             
246  	12   24064.9             
246  	13   25765.2             
246  	14   27086               
246  	15   28019.8             
246  	16   28367.9             
246  	17   27372.3             
246  	18   25689.4             
246  	19   23412               
246  	20   20638.2             
246  	21   18370.2             
246  	22   16686               
246  	23   15712.4             
246  	24   15286.7             
246  	25   15178.8             
246  	26   15241.2             
246  	27   15375.9             
246  	28   15753.2             
246  	29   16793.2             
246  	30   18620.9             
246  	31   20772.2             
246  	32   20285.2             
246  	33   18769               
246  	34   16920.6             
246  	35   16465.2             
246  	36   16601.8             
246  	37   18243.1             
246  	38   18797.1             
246  	39   17792.5             
246  	40   15633.6             
246  	41   16161.7             
246  	42   18031.2             
246  	43   21202.8             
246  	44   16149.5             
246  	45   15121               
246  	46   19888.2             
246  	47   17898.5             
246  	48   16086.2             
246  	49   18136.2             
246  	50   17001.4             
246  	51   16338               
246  	52   18105.9             
246  	53   19262.9             
246  	54   18947.8             
246  	55   16338.5             
246  	56   15227.6             
246  	57   15005.5             
246  	58   15432.1             
246  	59   15770.7             
246  	60   16511.9             
246  	61   19176.8             
246  	62   19760.7             
246  	63   18636.5             
246  	64   16624.5             
246  	65   15969.8             
246  	66   15979.9             
246  	67   17770.3             
246  	68   17474.3             
246  	69   16460.1             
246  	70   16638               
246  	71   16547.3             
246  	72   16344.7             
246  	73   16337.7             
246  	74   16239.6             
246  	75   16333.9             
246  	76   18140.8             
246  	77   18619               
246  	78   17886.7             
246  	79   17785.6             
246  	80   17814.6             
246  	81   17902.3             
246  	82   17483.5             
246  	83   17270.7             
246  	84   17156.4             
246  	85   17213.3             
246  	86   17277.2             
246  	87   17346.3             
246  	88   17348.3             
246  	89   17375.2             
246  	90   17421.6             
246  	91   17442.2             
246  	92   17453.2             
246  	93   17461.6             
246  	94   17490.9             
246  	95   17537.8             
246  	96   17603.2             
246  	97   17672.4             
246  	98   17743.2             
246  	99   17813.8             
246  	100  17834               
246  	101  17887.8             
246  	102  17969               
246  	103  18049.7             
246  	104  18131.7             
246  	105  18214.5             
246  	106  18303.9             
246  	107  18397.1             
246  	108  18494.3             
246  	109  18594.5             
246  	110  18695.8             
246  	111  18797.8             
246  	112  18896.8             
246  	113  18992.8             
246  	114  19084.5             
246  	115  19165.1             
246  	116  19236.1             
246  	117  19294.5             
246  	118  19334.6             
246  	119  19364.2             
246  	120  19380.9             
246  	121  19379.2             
246  	122  19369.8             
246  	123  19351.4             
246  	124  19323.7             
246  	125  19293.2             
246  	126  19259.6             
246  	127  19222.6             
246  	128  19185.1             
246  	129  19146.8             
246  	130  19107.5             
246  	131  19068.2             
246  	132  19028.1             
246  	133  18986.1             
246  	134  18944.2             
246  	135  18901.8             
246  	136  18858.6             
246  	137  18816.5             
246  	138  18775.3             
246  	139  18735               
246  	140  18697.5             
246  	141  18662.9             
246  	142  18631.9             
246  	143  18605.6             
246  	144  18584.8             
246  	145  18570.8             
246  	146  18563.4             
246  	147  18564.2             
246  	148  18573.3             
246  	149  18589.7             
246  	150  18615.5             
246  	151  18651.7             
246  	152  18695.1             
246  	153  18747.7             
246  	154  18812.1             
246  	155  18886.1             
246  	156  18975.2             
246  	157  19082               
246  	158  19206.2             
246  	159  19355               
246  	160  19528.4             
246  	161  19725.3             
246  	162  19939.2             
246  	163  20151.3             
246  	164  20360               
246  	165  20524.5             
246  	166  20633.5             
246  	167  20698.6             
246  	168  20680.8             
246  	169  20615.2             
246  	170  20519.8             
246  	171  20386.3             
246  	172  20238.5             
246  	173  20090               
246  	174  19946.4             
246  	175  19837.7             
246  	176  19760.4             
246  	177  19727.4             
246  	178  19698.2             
246  	179  19671.4             
246  	180  19666.6             
246  	181  19682               
246  	182  19708.7             
246  	183  19692.3             
246  	184  19697.8             
246  	185  19717               
246  	186  19707.8             
246  	187  19700.9             
246  	188  19694.5             
246  	189  19674               
246  	190  19651.6             
246  	191  19627.7             
246  	192  19600.1             
246  	193  19569.5             
246  	194  19536.5             
246  	195  19496.4             
246  	196  19455.1             
246  	197  19412.7             
246  	198  19362.4             
246  	199  19308.9             
246  	200  19252               
246  	201  19190.6             
246  	202  19127.2             
246  	203  19061.7             
246  	204  18986.5             
246  	205  18910.5             
246  	206  18833.9             
246  	207  18750.9             
246  	208  18668.1             
246  	209  18585.6             
246  	210  18501.9             
246  	211  18418.5             
246  	212  18335.2             
246  	213  18253.6             
246  	214  18173.9             
246  	215  18112.9             
246  	216  18024.4             
246  	217  17954.5             
246  	218  17886.8             
246  	219  17825.5             
246  	220  17765.6             
246  	221  17706.6             
246  	222  17654.6             
246  	223  17605.3             
246  	224  17558.6             
246  	225  17514.8             
246  	226  17474.4             
246  	227  17438.1             
246  	228  17403.4             
246  	229  17370.1             
246  	230  17337.7             
246  	231  17310.1             
246  	232  17283.6             
246  	233  17258.3             
246  	234  17235               
246  	235  17212.8             
246  	236  17191.7             
246  	237  17171.2             
246  	238  17151.5             
246  	239  17133.2             
246  	240  17115.9             
246  	241  17098.5             
246  	242  17080.2             
246  	243  17062.3             
246  	244  17044.7             
246  	245  17027.7             
246  	246  17007.3             
246  	247  16985.2             
246  	248  16961.3             
246  	249  16931.3             
246  	250  16895.7             
246  	251  16849               
246  	252  16773.9             
246  	253  16661.6             
246  	254  16461.7             
246  	255  17670.8             
246  	256  19466.5             
246  	257  18214.2             
246  	258  17739.1             
246  	259  17535.6             
246  	260  17445.6             
246  	261  17383.7             
246  	262  17336.7             
246  	263  17301.6             
246  	264  17272.8             
246  	265  17248.2             
246  	266  17228.1             
246  	267  17212.8             
246  	268  17200.1             
246  	269  17187               
246  	270  17174.2             
246  	271  17162.1             
246  	272  17153.5             
246  	273  17144.3             
246  	274  17135.2             
246  	275  17129               
246  	276  17123.3             
246  	277  17118               
246  	278  17111.9             
246  	279  17107.6             
246  	280  17104.3             
246  	281  17100.6             
246  	282  17097.3             
246  	283  17094.3             
246  	284  17091.3             
246  	285  17089.5             
246  	286  17088.3             
246  	287  17086.6             
246  	288  17084.9             
246  	289  17083               
246  	290  17081.7             
246  	291  17080.5             
246  	292  17079.3             
246  	293  17078.4             
246  	294  17077.4             
246  	295  17076.4             
246  	296  17075.6             
246  	297  17074.6             
246  	298  17073.4             
246  	299  17073.1             
