103  	0    14816.8             
103  	1    14816.8             
103  	2    14816.9             
103  	3    14816.9             
103  	4    14816.9             
103  	5    14816.9             
103  	6    14816.9             
103  	7    14816.9             
103  	8    14816.9             
103  	9    14816.9             
103  	10   14816.9             
103  	11   14816.9             
103  	12   14816.9             
103  	13   14817               
103  	14   14817               
103  	15   14817               
103  	16   14817               
103  	17   14817               
103  	18   14816.9             
103  	19   14816.9             
103  	20   14816.9             
103  	21   14816.9             
103  	22   14816.9             
103  	23   14816.9             
103  	24   14816.8             
103  	25   14816.8             
103  	26   14816.8             
103  	27   14816.9             
103  	28   14816.9             
103  	29   14816.9             
103  	30   14816.9             
103  	31   14817               
103  	32   14817               
103  	33   14816.9             
103  	34   14816.9             
103  	35   14816.9             
103  	36   14816.9             
103  	37   14816.9             
103  	38   14817               
103  	39   14816.9             
103  	40   14816.9             
103  	41   14816.9             
103  	42   14816.9             
103  	43   14816.9             
103  	44   14816.9             
103  	45   14816.8             
103  	46   14816.9             
103  	47   14816.9             
103  	48   14816.9             
103  	49   14816.9             
103  	50   14816.9             
103  	51   14816.9             
103  	52   14816.9             
103  	53   14816.9             
103  	54   14816.9             
103  	55   14816.9             
103  	56   14816.8             
103  	57   14816.8             
103  	58   14816.9             
103  	59   14816.9             
103  	60   14816.9             
103  	61   14816.9             
103  	62   14816.9             
103  	63   14816.9             
103  	64   14816.9             
103  	65   14816.9             
103  	66   14816.9             
103  	67   14816.9             
103  	68   14816.9             
103  	69   14816.9             
103  	70   14816.9             
103  	71   14816.9             
103  	72   14816.9             
103  	73   14816.9             
103  	74   14816.9             
103  	75   14816.9             
103  	76   14816.9             
103  	77   14816.9             
103  	78   14816.9             
103  	79   14817               
103  	80   14817               
103  	81   14817               
103  	82   14817.2             
103  	83   14817.3             
103  	84   14817.3             
103  	85   14817.4             
103  	86   14817.5             
103  	87   14817.5             
103  	88   14817.4             
103  	89   14817.4             
103  	90   14817.4             
103  	91   14817.4             
103  	92   14817.4             
103  	93   14817.4             
103  	94   14816.1             
103  	95   14815.6             
103  	96   14815.6             
103  	97   14815.3             
103  	98   14815.2             
103  	99   14815.2             
103  	100  14815.2             
103  	101  14815.2             
103  	102  14815.2             
103  	103  14815.2             
103  	104  14815.3             
103  	105  14815.3             
103  	106  14815.3             
103  	107  14815.3             
103  	108  14815.3             
103  	109  14815.3             
103  	110  14815.4             
103  	111  14815.4             
103  	112  14815.4             
103  	113  14815.5             
103  	114  14815.5             
103  	115  14815.6             
103  	116  14815.6             
103  	117  14815.7             
103  	118  14815.8             
103  	119  14815.8             
103  	120  14815.9             
103  	121  14816               
103  	122  14816.1             
103  	123  14816.2             
103  	124  14816.2             
103  	125  14816.3             
103  	126  14816.5             
103  	127  14816.6             
103  	128  14816.7             
103  	129  14816.9             
103  	130  14817               
103  	131  14817.1             
103  	132  14817.2             
103  	133  14817.3             
103  	134  14817.5             
103  	135  14817.7             
103  	136  14817.9             
103  	137  14818.1             
103  	138  14818.3             
103  	139  14818.5             
103  	140  14818.8             
103  	141  14819.1             
103  	142  14819.5             
103  	143  14819.9             
103  	144  14820.2             
103  	145  14820.7             
103  	146  14821.2             
103  	147  14821.8             
103  	148  14822.4             
103  	149  14823.1             
103  	150  14823.6             
103  	151  14824.6             
103  	152  14825.6             
103  	153  14826.4             
103  	154  14827.6             
103  	155  14828.9             
103  	156  14830.1             
103  	157  14831.6             
103  	158  14833.3             
103  	159  14835.4             
103  	160  14837.3             
103  	161  14839.4             
103  	162  14842.7             
103  	163  14845.9             
103  	164  14849.1             
103  	165  14852.9             
103  	166  14857               
103  	167  14861.4             
103  	168  14866.8             
103  	169  14872.8             
103  	170  14879.5             
103  	171  14887.8             
103  	172  14896.5             
103  	173  14906.2             
103  	174  14918.6             
103  	175  14931.1             
103  	176  14944.4             
103  	177  14963.5             
103  	178  14985.7             
103  	179  15010.3             
103  	180  15032.1             
103  	181  15062               
103  	182  15098.8             
103  	183  15135.3             
103  	184  15182.2             
103  	185  15239.1             
103  	186  15302.8             
103  	187  15374.4             
103  	188  15455.2             
103  	189  15560               
103  	190  15669.5             
103  	191  15785               
103  	192  15940.6             
103  	193  16108.2             
103  	194  16289               
103  	195  16520.5             
103  	196  16767.4             
103  	197  17030.1             
103  	198  17355.3             
103  	199  17688.4             
103  	200  18025.7             
103  	201  18319.9             
103  	202  18578.4             
103  	203  18791.2             
103  	204  18721.4             
103  	205  18516.8             
103  	206  18186               
103  	207  17540.4             
103  	208  16764.8             
103  	209  15986.8             
103  	210  15344.2             
103  	211  15083.1             
103  	212  15008.7             
103  	213  14975.4             
103  	214  14999.1             
103  	215  15042.2             
103  	216  15088.4             
103  	217  15136.1             
103  	218  15177.9             
103  	219  15190.7             
103  	220  15149.6             
103  	221  15086.2             
103  	222  15054.1             
103  	223  15066               
103  	224  15084.4             
103  	225  15071.3             
103  	226  14997.7             
103  	227  14897.3             
103  	228  14828.6             
103  	229  14814.8             
103  	230  14815.5             
103  	231  14815.8             
103  	232  14815.8             
103  	233  14815.5             
103  	234  14815.2             
103  	235  14815               
103  	236  14815               
103  	237  14815               
103  	238  14815.1             
103  	239  14815.3             
103  	240  14815.3             
103  	241  14815.4             
103  	242  14815.3             
103  	243  14815.3             
103  	244  14815.3             
103  	245  14815.3             
103  	246  14815.3             
103  	247  14815.3             
103  	248  14815.3             
103  	249  14815.3             
103  	250  14815.3             
103  	251  14815.3             
103  	252  14815.3             
103  	253  14815.3             
103  	254  14815.4             
103  	255  14838.9             
103  	256  14879.3             
103  	257  14826.3             
103  	258  14831.3             
103  	259  14850.9             
103  	260  14879               
103  	261  14920.3             
103  	262  14983               
103  	263  15049.2             
103  	264  15137.5             
103  	265  15364.3             
103  	266  15628.8             
103  	267  15730.4             
103  	268  15749.5             
103  	269  15483               
103  	270  15189.8             
103  	271  15002.4             
103  	272  14866.5             
103  	273  14826.3             
103  	274  14815.1             
103  	275  14815.2             
103  	276  14815.3             
103  	277  14815.3             
103  	278  14815.4             
103  	279  14815.3             
103  	280  14815.3             
103  	281  14815.3             
103  	282  14815.3             
103  	283  14815.3             
103  	284  14815.3             
103  	285  14815.3             
103  	286  14815.3             
103  	287  14815.3             
103  	288  14815.3             
103  	289  14815.3             
103  	290  14815.3             
103  	291  14815.3             
103  	292  14815.3             
103  	293  14815.3             
103  	294  14815.3             
103  	295  14815.3             
103  	296  14815.3             
103  	297  14815.3             
103  	298  14815.3             
103  	299  14815.3             
