256  	0    15351.9             
256  	1    15514.5             
256  	2    15740.9             
256  	3    16033.3             
256  	4    16410.6             
256  	5    16926.6             
256  	6    17587.8             
256  	7    18435.5             
256  	8    19540.6             
256  	9    20904.6             
256  	10   22577               
256  	11   24498.3             
256  	12   26609.8             
256  	13   28836.2             
256  	14   30568.2             
256  	15   31793.7             
256  	16   32252.3             
256  	17   30951.6             
256  	18   28748               
256  	19   25766.4             
256  	20   22152.9             
256  	21   19232.1             
256  	22   17100.4             
256  	23   15900.2             
256  	24   15399.4             
256  	25   15295.7             
256  	26   15392.6             
256  	27   15566               
256  	28   16009.9             
256  	29   17256.8             
256  	30   19537.1             
256  	31   22288.1             
256  	32   21665.7             
256  	33   19732.3             
256  	34   17411.7             
256  	35   16853.5             
256  	36   17022.7             
256  	37   19064.8             
256  	38   19746.1             
256  	39   18467.5             
256  	40   15794.3             
256  	41   16440.9             
256  	42   18783.8             
256  	43   22847.5             
256  	44   16445.4             
256  	45   15189.9             
256  	46   21150.2             
256  	47   18606.8             
256  	48   16342               
256  	49   18890.2             
256  	50   17479.3             
256  	51   16683               
256  	52   18847.8             
256  	53   20302.3             
256  	54   19906.4             
256  	55   16650.7             
256  	56   15301.9             
256  	57   15039.5             
256  	58   15556.1             
256  	59   15953.7             
256  	60   16846.7             
256  	61   20142.6             
256  	62   20867.1             
256  	63   19450.6             
256  	64   16966.1             
256  	65   16173.7             
256  	66   16185.3             
256  	67   18345.1             
256  	68   17976.5             
256  	69   16754.9             
256  	70   16959.3             
256  	71   16848.5             
256  	72   16604.2             
256  	73   16584.2             
256  	74   16463.8             
256  	75   16571.4             
256  	76   18669.9             
256  	77   19216.5             
256  	78   18343.5             
256  	79   18201.3             
256  	80   18221.7             
256  	81   18316.7             
256  	82   17801.8             
256  	83   17537.3             
256  	84   17388.3             
256  	85   17432.1             
256  	86   17480.9             
256  	87   17533.8             
256  	88   17509               
256  	89   17508.4             
256  	90   17527.4             
256  	91   17515.1             
256  	92   17489.5             
256  	93   17459               
256  	94   17446.8             
256  	95   17451.7             
256  	96   17474.9             
256  	97   17495.4             
256  	98   17513               
256  	99   17525.4             
256  	100  17477.8             
256  	101  17462.8             
256  	102  17473               
256  	103  17481.1             
256  	104  17483.2             
256  	105  17477.9             
256  	106  17472.8             
256  	107  17467               
256  	108  17460.8             
256  	109  17453.2             
256  	110  17444.9             
256  	111  17435.7             
256  	112  17424.8             
256  	113  17413.3             
256  	114  17401               
256  	115  17387.3             
256  	116  17372.9             
256  	117  17357.6             
256  	118  17341.5             
256  	119  17324.9             
256  	120  17307.8             
256  	121  17290               
256  	122  17271.9             
256  	123  17253.4             
256  	124  17233.9             
256  	125  17214.3             
256  	126  17194.4             
256  	127  17173.6             
256  	128  17153.1             
256  	129  17131.8             
256  	130  17110.1             
256  	131  17088.6             
256  	132  17067.2             
256  	133  17045.6             
256  	134  17024.9             
256  	135  17005               
256  	136  16986.1             
256  	137  16968.8             
256  	138  16953.5             
256  	139  16940.3             
256  	140  16929.7             
256  	141  16923.1             
256  	142  16919.2             
256  	143  16917.8             
256  	144  16921.4             
256  	145  16929.7             
256  	146  16942               
256  	147  16958.8             
256  	148  16980.4             
256  	149  17005.6             
256  	150  17034.7             
256  	151  17068.3             
256  	152  17105.5             
256  	153  17146.8             
256  	154  17193.4             
256  	155  17244.8             
256  	156  17304.9             
256  	157  17370.1             
256  	158  17446.4             
256  	159  17534.1             
256  	160  17630.8             
256  	161  17736.2             
256  	162  17841.6             
256  	163  17935.6             
256  	164  18018.5             
256  	165  18066.9             
256  	166  18080.7             
256  	167  18071               
256  	168  18023.3             
256  	169  17959               
256  	170  17886.1             
256  	171  17801.4             
256  	172  17716.5             
256  	173  17637.5             
256  	174  17570.4             
256  	175  17526.9             
256  	176  17500.4             
256  	177  17488.3             
256  	178  17476.5             
256  	179  17467               
256  	180  17480.9             
256  	181  17495.6             
256  	182  17509.3             
256  	183  17504.4             
256  	184  17516               
256  	185  17538               
256  	186  17537.5             
256  	187  17542.9             
256  	188  17551.8             
256  	189  17544.4             
256  	190  17542.2             
256  	191  17544               
256  	192  17545.5             
256  	193  17544.5             
256  	194  17541.9             
256  	195  17540.9             
256  	196  17540.5             
256  	197  17540.6             
256  	198  17539.7             
256  	199  17538.7             
256  	200  17537.6             
256  	201  17538.5             
256  	202  17539.8             
256  	203  17541.5             
256  	204  17539.7             
256  	205  17538.4             
256  	206  17537.7             
256  	207  17537.1             
256  	208  17536.2             
256  	209  17535               
256  	210  17532.6             
256  	211  17530.3             
256  	212  17528.3             
256  	213  17526.7             
256  	214  17524.4             
256  	215  17521               
256  	216  17518.2             
256  	217  17515.5             
256  	218  17512.9             
256  	219  17510.1             
256  	220  17507.3             
256  	221  17504.3             
256  	222  17501.7             
256  	223  17498.9             
256  	224  17495.4             
256  	225  17492.9             
256  	226  17490.6             
256  	227  17488.1             
256  	228  17485.7             
256  	229  17483               
256  	230  17479.6             
256  	231  17476.6             
256  	232  17473.5             
256  	233  17470.2             
256  	234  17467.3             
256  	235  17464.2             
256  	236  17460.5             
256  	237  17455.4             
256  	238  17450.9             
256  	239  17448.2             
256  	240  17443.4             
256  	241  17437.9             
256  	242  17432               
256  	243  17425.5             
256  	244  17418.4             
256  	245  17409.9             
256  	246  17397.6             
256  	247  17383.6             
256  	248  17367.8             
256  	249  17345               
256  	250  17316.2             
256  	251  17275.8             
256  	252  17210.1             
256  	253  17106.2             
256  	254  16908.6             
256  	255  17810.1             
256  	256  19038.9             
256  	257  18368.4             
256  	258  18072.3             
256  	259  17920.5             
256  	260  17850.2             
256  	261  17801.2             
256  	262  17764.2             
256  	263  17739.3             
256  	264  17720.3             
256  	265  17703.3             
256  	266  17682.9             
256  	267  17672.7             
256  	268  17666.9             
256  	269  17657.2             
256  	270  17648.9             
256  	271  17640.5             
256  	272  17626.7             
256  	273  17616.5             
256  	274  17609               
256  	275  17605.3             
256  	276  17600.5             
256  	277  17595.3             
256  	278  17592.7             
256  	279  17589.2             
256  	280  17585.4             
256  	281  17585.7             
256  	282  17584.4             
256  	283  17582.2             
256  	284  17581.1             
256  	285  17579.4             
256  	286  17577.2             
256  	287  17575.4             
256  	288  17573.8             
256  	289  17572.4             
256  	290  17570.1             
256  	291  17568.4             
256  	292  17567.2             
256  	293  17566.1             
256  	294  17564.4             
256  	295  17562               
256  	296  17561.7             
256  	297  17561.1             
256  	298  17561               
256  	299  17560.4             
