19   	0    14816.8             
19   	1    14816.8             
19   	2    14816.8             
19   	3    14816.8             
19   	4    14816.8             
19   	5    14816.8             
19   	6    14816.8             
19   	7    14816.8             
19   	8    14816.8             
19   	9    14816.8             
19   	10   14816.8             
19   	11   14816.8             
19   	12   14816.8             
19   	13   14816.8             
19   	14   14816.8             
19   	15   14816.8             
19   	16   14816.8             
19   	17   14816.8             
19   	18   14816.8             
19   	19   14816.8             
19   	20   14816.8             
19   	21   14816.8             
19   	22   14816.8             
19   	23   14816.8             
19   	24   14816.8             
19   	25   14816.8             
19   	26   14816.8             
19   	27   14816.8             
19   	28   14816.8             
19   	29   14816.8             
19   	30   14816.8             
19   	31   14816.8             
19   	32   14816.8             
19   	33   14816.8             
19   	34   14816.8             
19   	35   14816.8             
19   	36   14816.8             
19   	37   14816.8             
19   	38   14816.8             
19   	39   14816.8             
19   	40   14816.8             
19   	41   14816.8             
19   	42   14816.8             
19   	43   14816.8             
19   	44   14816.8             
19   	45   14816.8             
19   	46   14816.8             
19   	47   14816.8             
19   	48   14816.8             
19   	49   14816.8             
19   	50   14816.8             
19   	51   14816.8             
19   	52   14816.8             
19   	53   14816.8             
19   	54   14816.8             
19   	55   14816.8             
19   	56   14816.8             
19   	57   14816.8             
19   	58   14816.8             
19   	59   14816.8             
19   	60   14816.8             
19   	61   14816.8             
19   	62   14816.8             
19   	63   14816.8             
19   	64   14816.8             
19   	65   14816.8             
19   	66   14816.8             
19   	67   14816.8             
19   	68   14816.8             
19   	69   14816.8             
19   	70   14816.8             
19   	71   14816.8             
19   	72   14816.8             
19   	73   14816.8             
19   	74   14816.8             
19   	75   14816.8             
19   	76   14816.8             
19   	77   14816.8             
19   	78   14816.8             
19   	79   14816.8             
19   	80   14816.8             
19   	81   14816.8             
19   	82   14817.1             
19   	83   14817.2             
19   	84   14817.2             
19   	85   14817.3             
19   	86   14817.4             
19   	87   14817.4             
19   	88   14817.4             
19   	89   14817.4             
19   	90   14817.4             
19   	91   14817.4             
19   	92   14817.4             
19   	93   14817.3             
19   	94   14816               
19   	95   14815.5             
19   	96   14815.5             
19   	97   14815.2             
19   	98   14815               
19   	99   14815               
19   	100  14815               
19   	101  14815.1             
19   	102  14815.1             
19   	103  14815               
19   	104  14815               
19   	105  14815               
19   	106  14815               
19   	107  14815               
19   	108  14815               
19   	109  14815               
19   	110  14815               
19   	111  14815               
19   	112  14815               
19   	113  14815               
19   	114  14815               
19   	115  14815               
19   	116  14815               
19   	117  14815               
19   	118  14815               
19   	119  14815               
19   	120  14815               
19   	121  14815               
19   	122  14815               
19   	123  14815               
19   	124  14815               
19   	125  14815               
19   	126  14815               
19   	127  14815               
19   	128  14815.1             
19   	129  14815.1             
19   	130  14815.1             
19   	131  14815.2             
19   	132  14815.2             
19   	133  14815.2             
19   	134  14815.2             
19   	135  14815.2             
19   	136  14815.2             
19   	137  14815.2             
19   	138  14815.2             
19   	139  14815.2             
19   	140  14815.2             
19   	141  14815.2             
19   	142  14815.2             
19   	143  14815.2             
19   	144  14815.2             
19   	145  14815.2             
19   	146  14815.2             
19   	147  14815.2             
19   	148  14815.2             
19   	149  14815.2             
19   	150  14815.2             
19   	151  14815.2             
19   	152  14815.2             
19   	153  14815.2             
19   	154  14815.2             
19   	155  14815.2             
19   	156  14815.2             
19   	157  14815.2             
19   	158  14815.2             
19   	159  14815.2             
19   	160  14815.2             
19   	161  14815.2             
19   	162  14815.3             
19   	163  14815.3             
19   	164  14815.3             
19   	165  14815.3             
19   	166  14815.3             
19   	167  14815.3             
19   	168  14815.3             
19   	169  14815.3             
19   	170  14815.4             
19   	171  14815.4             
19   	172  14815.4             
19   	173  14815.4             
19   	174  14815.4             
19   	175  14815.4             
19   	176  14815.5             
19   	177  14815.5             
19   	178  14815.5             
19   	179  14815.6             
19   	180  14815.6             
19   	181  14815.6             
19   	182  14815.6             
19   	183  14815.7             
19   	184  14815.7             
19   	185  14815.8             
19   	186  14815.8             
19   	187  14815.9             
19   	188  14815.9             
19   	189  14816               
19   	190  14816.1             
19   	191  14816.1             
19   	192  14816.2             
19   	193  14816.3             
19   	194  14816.4             
19   	195  14816.5             
19   	196  14816.7             
19   	197  14816.9             
19   	198  14817               
19   	199  14817.2             
19   	200  14817.5             
19   	201  14817.6             
19   	202  14817.9             
19   	203  14818.2             
19   	204  14818.4             
19   	205  14818.6             
19   	206  14818.8             
19   	207  14818.9             
19   	208  14818.9             
19   	209  14818.8             
19   	210  14817.1             
19   	211  14816.2             
19   	212  14816.1             
19   	213  14815.9             
19   	214  14815.7             
19   	215  14815.5             
19   	216  14815.5             
19   	217  14815.5             
19   	218  14815.5             
19   	219  14815.5             
19   	220  14815.5             
19   	221  14815.6             
19   	222  14815.7             
19   	223  14815.9             
19   	224  14816.1             
19   	225  14816.2             
19   	226  14816.3             
19   	227  14816.4             
19   	228  14815.6             
19   	229  14815.1             
19   	230  14815.2             
19   	231  14815.2             
19   	232  14815.2             
19   	233  14815.2             
19   	234  14815.2             
19   	235  14815.2             
19   	236  14815.2             
19   	237  14815.1             
19   	238  14815.1             
19   	239  14815.2             
19   	240  14815.2             
19   	241  14815.2             
19   	242  14815.2             
19   	243  14815.2             
19   	244  14815.2             
19   	245  14815.2             
19   	246  14815.2             
19   	247  14815.2             
19   	248  14815.2             
19   	249  14815.2             
19   	250  14815.2             
19   	251  14815.2             
19   	252  14815.2             
19   	253  14815.2             
19   	254  14815.2             
19   	255  14815.7             
19   	256  14816.1             
19   	257  14815.4             
19   	258  14815.2             
19   	259  14815.1             
19   	260  14815.1             
19   	261  14815               
19   	262  14815               
19   	263  14814.9             
19   	264  14814.9             
19   	265  14815               
19   	266  14815.3             
19   	267  14815.4             
19   	268  14815.6             
19   	269  14815.8             
19   	270  14815.9             
19   	271  14816               
19   	272  14815.7             
19   	273  14815.5             
19   	274  14815.2             
19   	275  14815.2             
19   	276  14815.2             
19   	277  14815.2             
19   	278  14815.2             
19   	279  14815.2             
19   	280  14815.2             
19   	281  14815.2             
19   	282  14815.2             
19   	283  14815.2             
19   	284  14815.2             
19   	285  14815.2             
19   	286  14815.2             
19   	287  14815.2             
19   	288  14815.2             
19   	289  14815.2             
19   	290  14815.2             
19   	291  14815.2             
19   	292  14815.2             
19   	293  14815.2             
19   	294  14815.2             
19   	295  14815.2             
19   	296  14815.2             
19   	297  14815.2             
19   	298  14815.2             
19   	299  14815.2             
