200  	0    14835.7             
200  	1    14839.9             
200  	2    14845.3             
200  	3    14851.8             
200  	4    14859.6             
200  	5    14869.3             
200  	6    14880.7             
200  	7    14894.1             
200  	8    14909.9             
200  	9    14927.6             
200  	10   14947.4             
200  	11   14968               
200  	12   14988.8             
200  	13   15009.1             
200  	14   15023.8             
200  	15   15033.6             
200  	16   15036.7             
200  	17   15025.2             
200  	18   15005.6             
200  	19   14977.6             
200  	20   14939.8             
200  	21   14903.8             
200  	22   14871.6             
200  	23   14848.5             
200  	24   14835.1             
200  	25   14829.3             
200  	26   14830.8             
200  	27   14836.6             
200  	28   14851.4             
200  	29   14880.6             
200  	30   14918.3             
200  	31   14953.4             
200  	32   14944.7             
200  	33   14918               
200  	34   14879.6             
200  	35   14868.4             
200  	36   14872.8             
200  	37   14911.2             
200  	38   14923.7             
200  	39   14904.4             
200  	40   14850.2             
200  	41   14862               
200  	42   14899.3             
200  	43   14950.9             
200  	44   14859.7             
200  	45   14829               
200  	46   14928.6             
200  	47   14897.1             
200  	48   14860.9             
200  	49   14907.5             
200  	50   14883.7             
200  	51   14866.2             
200  	52   14909.2             
200  	53   14927.1             
200  	54   14917.2             
200  	55   14862.8             
200  	56   14834.1             
200  	57   14827.2             
200  	58   14842               
200  	59   14853.3             
200  	60   14870.8             
200  	61   14919.8             
200  	62   14931.9             
200  	63   14917.3             
200  	64   14876.8             
200  	65   14859.1             
200  	66   14857.9             
200  	67   14902.3             
200  	68   14894.9             
200  	69   14869.7             
200  	70   14878.7             
200  	71   14876               
200  	72   14868.3             
200  	73   14868.6             
200  	74   14867.9             
200  	75   14872.9             
200  	76   14916.6             
200  	77   14926.4             
200  	78   14911.1             
200  	79   14911.5             
200  	80   14912.8             
200  	81   14914               
200  	82   14905.8             
200  	83   14901.8             
200  	84   14900.3             
200  	85   14903.9             
200  	86   14907.7             
200  	87   14911.5             
200  	88   14913.3             
200  	89   14915.9             
200  	90   14919.1             
200  	91   14922.2             
200  	92   14925.2             
200  	93   14928.2             
200  	94   14931.9             
200  	95   14937.3             
200  	96   14944.3             
200  	97   14952.9             
200  	98   14962.4             
200  	99   14972.6             
200  	100  14981.7             
200  	101  14993.7             
200  	102  15008.7             
200  	103  15028               
200  	104  15049.6             
200  	105  15073.9             
200  	106  15103.9             
200  	107  15138.7             
200  	108  15179.3             
200  	109  15230.2             
200  	110  15290.4             
200  	111  15362.2             
200  	112  15455.8             
200  	113  15567               
200  	114  15700.8             
200  	115  15868.8             
200  	116  16065.3             
200  	117  16296.2             
200  	118  16588.4             
200  	119  16918.4             
200  	120  17283.2             
200  	121  17696               
200  	122  18141.8             
200  	123  18609               
200  	124  19044.4             
200  	125  19473.7             
200  	126  19878.9             
200  	127  20280               
200  	128  20707               
200  	129  21172.7             
200  	130  21628.3             
200  	131  22058.3             
200  	132  22422.3             
200  	133  22845.8             
200  	134  23306.8             
200  	135  23809.5             
200  	136  24250.2             
200  	137  24726.6             
200  	138  25307.6             
200  	139  25820.8             
200  	140  26321.9             
200  	141  26820.4             
200  	142  27234.5             
200  	143  27608.5             
200  	144  27928.7             
200  	145  28223.4             
200  	146  28476.9             
200  	147  28631.4             
200  	148  28785.3             
200  	149  28916.2             
200  	150  28976.6             
200  	151  29022.9             
200  	152  29059.5             
200  	153  29077.8             
200  	154  29101.1             
200  	155  29129.2             
200  	156  29164.8             
200  	157  29224.9             
200  	158  29307.5             
200  	159  29434.8             
200  	160  29599.3             
200  	161  29794.9             
200  	162  30045.6             
200  	163  30323.9             
200  	164  30620.4             
200  	165  30924.4             
200  	166  31202.4             
200  	167  31455.1             
200  	168  31635.1             
200  	169  31750.6             
200  	170  31819.7             
200  	171  31819.5             
200  	172  31789.9             
200  	173  31740.6             
200  	174  31661.3             
200  	175  31574               
200  	176  31489.1             
200  	177  31426.7             
200  	178  31383.6             
200  	179  31351.3             
200  	180  31299.3             
200  	181  31267.5             
200  	182  31249               
200  	183  31235.7             
200  	184  31197               
200  	185  31138.2             
200  	186  31050.5             
200  	187  30949.3             
200  	188  30835.6             
200  	189  30699.1             
200  	190  30527.7             
200  	191  30326.6             
200  	192  30083.8             
200  	193  29799.8             
200  	194  29479.8             
200  	195  29073.9             
200  	196  28620.1             
200  	197  28125.3             
200  	198  27512.3             
200  	199  26835.9             
200  	200  26108.7             
200  	201  25240.3             
200  	202  24333.4             
200  	203  23403.7             
200  	204  22386.2             
200  	205  21377               
200  	206  20396.3             
200  	207  19449.2             
200  	208  18626.8             
200  	209  17907.9             
200  	210  17318               
200  	211  16849.9             
200  	212  16488               
200  	213  16224.5             
200  	214  16026               
200  	215  15872               
200  	216  15753.8             
200  	217  15656.2             
200  	218  15570.3             
200  	219  15494               
200  	220  15425.7             
200  	221  15364.3             
200  	222  15301.8             
200  	223  15243.2             
200  	224  15188.2             
200  	225  15134.2             
200  	226  15084.5             
200  	227  15041.9             
200  	228  15007.4             
200  	229  14980.2             
200  	230  14959.6             
200  	231  14945               
200  	232  14933.5             
200  	233  14924.3             
200  	234  14918.6             
200  	235  14913.7             
200  	236  14909.3             
200  	237  14905.8             
200  	238  14902.8             
200  	239  14900.4             
200  	240  14898.5             
200  	241  14896.6             
200  	242  14894.6             
200  	243  14893               
200  	244  14891.7             
200  	245  14890.3             
200  	246  14888.9             
200  	247  14887.7             
200  	248  14886.6             
200  	249  14885.3             
200  	250  14883.7             
200  	251  14882               
200  	252  14879.3             
200  	253  14875.7             
200  	254  14870               
200  	255  15132.1             
200  	256  16257.6             
200  	257  15686.7             
200  	258  15656.4             
200  	259  15637.3             
200  	260  15597.5             
200  	261  15550.1             
200  	262  15504.3             
200  	263  15454.1             
200  	264  15404.4             
200  	265  15364.8             
200  	266  15311.6             
200  	267  15244.3             
200  	268  15180.2             
200  	269  15103.4             
200  	270  15037.1             
200  	271  14986.6             
200  	272  14947.6             
200  	273  14923.1             
200  	274  14907.5             
200  	275  14898.9             
200  	276  14894               
200  	277  14891               
200  	278  14889.4             
200  	279  14888.3             
200  	280  14887.7             
200  	281  14887.2             
200  	282  14886.8             
200  	283  14886.4             
200  	284  14886.2             
200  	285  14886.1             
200  	286  14886               
200  	287  14885.8             
200  	288  14885.8             
200  	289  14885.6             
200  	290  14885.6             
200  	291  14885.5             
200  	292  14885.4             
200  	293  14885.4             
200  	294  14885.3             
200  	295  14885.3             
200  	296  14885.3             
200  	297  14885.2             
200  	298  14885.2             
200  	299  14885.2             
