201  	0    14837.3             
201  	1    14841.9             
201  	2    14847.9             
201  	3    14855               
201  	4    14863.5             
201  	5    14874.2             
201  	6    14886.8             
201  	7    14901.6             
201  	8    14919.1             
201  	9    14938.8             
201  	10   14960.7             
201  	11   14983.6             
201  	12   15006.7             
201  	13   15029.3             
201  	14   15045.7             
201  	15   15056.7             
201  	16   15060.2             
201  	17   15047.4             
201  	18   15025.5             
201  	19   14994.3             
201  	20   14952.3             
201  	21   14912.5             
201  	22   14876.9             
201  	23   14851.4             
201  	24   14836.7             
201  	25   14830.3             
201  	26   14831.9             
201  	27   14838.1             
201  	28   14854.3             
201  	29   14886.4             
201  	30   14928               
201  	31   14966.9             
201  	32   14957.3             
201  	33   14927.8             
201  	34   14885.5             
201  	35   14873.1             
201  	36   14878               
201  	37   14920.2             
201  	38   14933.9             
201  	39   14912.6             
201  	40   14853.1             
201  	41   14866.1             
201  	42   14907.4             
201  	43   14964.5             
201  	44   14863.6             
201  	45   14830               
201  	46   14940               
201  	47   14905               
201  	48   14865               
201  	49   14916.2             
201  	50   14889.9             
201  	51   14870.7             
201  	52   14917.9             
201  	53   14937.9             
201  	54   14927.2             
201  	55   14867.2             
201  	56   14835.6             
201  	57   14828               
201  	58   14844               
201  	59   14856.5             
201  	60   14875.9             
201  	61   14930.3             
201  	62   14943.6             
201  	63   14927.1             
201  	64   14882.4             
201  	65   14862.9             
201  	66   14861.7             
201  	67   14910.5             
201  	68   14902.4             
201  	69   14874.7             
201  	70   14884.4             
201  	71   14881.5             
201  	72   14873.2             
201  	73   14873.4             
201  	74   14872.5             
201  	75   14878.1             
201  	76   14926.3             
201  	77   14937.2             
201  	78   14920.2             
201  	79   14920.6             
201  	80   14922               
201  	81   14923.4             
201  	82   14914.3             
201  	83   14909.9             
201  	84   14908.2             
201  	85   14912.1             
201  	86   14916.3             
201  	87   14920.6             
201  	88   14922.5             
201  	89   14925.2             
201  	90   14928.7             
201  	91   14932.1             
201  	92   14935.4             
201  	93   14938.7             
201  	94   14942.9             
201  	95   14948.8             
201  	96   14956.5             
201  	97   14966.2             
201  	98   14976.5             
201  	99   14987.5             
201  	100  14997.4             
201  	101  15010.8             
201  	102  15027.9             
201  	103  15048.5             
201  	104  15071.8             
201  	105  15098.4             
201  	106  15131.2             
201  	107  15169.2             
201  	108  15213.3             
201  	109  15269.1             
201  	110  15334.9             
201  	111  15413.2             
201  	112  15515.2             
201  	113  15637.9             
201  	114  15787.9             
201  	115  15967.5             
201  	116  16178.7             
201  	117  16429.5             
201  	118  16745.6             
201  	119  17101.5             
201  	120  17492.8             
201  	121  17935               
201  	122  18411.7             
201  	123  18910               
201  	124  19369.1             
201  	125  19819.7             
201  	126  20243.1             
201  	127  20663.8             
201  	128  21105.6             
201  	129  21574.7             
201  	130  22025.8             
201  	131  22454.2             
201  	132  22827.3             
201  	133  23248.6             
201  	134  23704.7             
201  	135  24202.5             
201  	136  24632.5             
201  	137  25093.5             
201  	138  25652.2             
201  	139  26136.3             
201  	140  26604.6             
201  	141  27067               
201  	142  27448.7             
201  	143  27787.7             
201  	144  28064.2             
201  	145  28315.5             
201  	146  28528.2             
201  	147  28650.5             
201  	148  28766.3             
201  	149  28862.4             
201  	150  28903.4             
201  	151  28924               
201  	152  28935.4             
201  	153  28937.1             
201  	154  28946.7             
201  	155  28963.2             
201  	156  28989.9             
201  	157  29047.5             
201  	158  29130.2             
201  	159  29258.1             
201  	160  29426.8             
201  	161  29628.3             
201  	162  29883.6             
201  	163  30169.6             
201  	164  30475.5             
201  	165  30788.4             
201  	166  31074.4             
201  	167  31334.4             
201  	168  31519.3             
201  	169  31637               
201  	170  31706.5             
201  	171  31704.1             
201  	172  31671               
201  	173  31617.6             
201  	174  31533.9             
201  	175  31442               
201  	176  31352.7             
201  	177  31287.5             
201  	178  31241.5             
201  	179  31206.9             
201  	180  31156.8             
201  	181  31126.6             
201  	182  31109.2             
201  	183  31094.6             
201  	184  31054.3             
201  	185  30993.6             
201  	186  30903.1             
201  	187  30807.8             
201  	188  30705.8             
201  	189  30557.4             
201  	190  30383.6             
201  	191  30187.5             
201  	192  29942.6             
201  	193  29659               
201  	194  29341.1             
201  	195  28930.5             
201  	196  28483               
201  	197  28003.8             
201  	198  27394.5             
201  	199  26724.4             
201  	200  26004.9             
201  	201  25152.8             
201  	202  24264.1             
201  	203  23354               
201  	204  22341.9             
201  	205  21349.8             
201  	206  20394.1             
201  	207  19463.3             
201  	208  18647.8             
201  	209  17943               
201  	210  17357.1             
201  	211  16889.1             
201  	212  16522.7             
201  	213  16259.6             
201  	214  16049.4             
201  	215  15894.4             
201  	216  15772.3             
201  	217  15670.5             
201  	218  15581.7             
201  	219  15504.6             
201  	220  15435.3             
201  	221  15372.8             
201  	222  15311.1             
201  	223  15252.8             
201  	224  15197.2             
201  	225  15143               
201  	226  15094.9             
201  	227  15052.8             
201  	228  15018.2             
201  	229  14990.9             
201  	230  14969.9             
201  	231  14954.9             
201  	232  14943               
201  	233  14933.9             
201  	234  14927.6             
201  	235  14922.3             
201  	236  14917.5             
201  	237  14913.8             
201  	238  14910.6             
201  	239  14907.9             
201  	240  14905.7             
201  	241  14903.7             
201  	242  14901.9             
201  	243  14900.3             
201  	244  14898.7             
201  	245  14897.2             
201  	246  14895.8             
201  	247  14894.4             
201  	248  14893.2             
201  	249  14891.6             
201  	250  14889.9             
201  	251  14888.1             
201  	252  14885.2             
201  	253  14881.2             
201  	254  14874.8             
201  	255  15147.9             
201  	256  16270               
201  	257  15672.4             
201  	258  15632.6             
201  	259  15612.6             
201  	260  15573.5             
201  	261  15527.6             
201  	262  15483.7             
201  	263  15435.7             
201  	264  15388.3             
201  	265  15350.1             
201  	266  15299.6             
201  	267  15235.8             
201  	268  15175.1             
201  	269  15102.7             
201  	270  15039.6             
201  	271  14991.2             
201  	272  14953.8             
201  	273  14929.8             
201  	274  14914.4             
201  	275  14905.8             
201  	276  14900.8             
201  	277  14897.7             
201  	278  14896.1             
201  	279  14895               
201  	280  14894.2             
201  	281  14893.8             
201  	282  14893.4             
201  	283  14893.1             
201  	284  14892.9             
201  	285  14892.7             
201  	286  14892.5             
201  	287  14892.5             
201  	288  14892.4             
201  	289  14892.3             
201  	290  14892.2             
201  	291  14892.1             
201  	292  14891.8             
201  	293  14891.7             
201  	294  14891.7             
201  	295  14891.6             
201  	296  14891.6             
201  	297  14891.5             
201  	298  14891.5             
201  	299  14891.5             
