229  	0    15001.1             
229  	1    15051.9             
229  	2    15120.6             
229  	3    15206.7             
229  	4    15314               
229  	5    15455.7             
229  	6    15630.2             
229  	7    15845               
229  	8    16113.2             
229  	9    16430.1             
229  	10   16802.4             
229  	11   17213.2             
229  	12   17648.8             
229  	13   18094.6             
229  	14   18432.5             
229  	15   18666.7             
229  	16   18750.2             
229  	17   18492.2             
229  	18   18055.7             
229  	19   17454.1             
229  	20   16692.8             
229  	21   16031.8             
229  	22   15500.9             
229  	23   15164.7             
229  	24   14996.8             
229  	25   14936               
229  	26   14949.6             
229  	27   15001.1             
229  	28   15158.4             
229  	29   15545.7             
229  	30   16141.8             
229  	31   16778.6             
229  	32   16632.3             
229  	33   16174.9             
229  	34   15577.6             
229  	35   15417.7             
229  	36   15467.1             
229  	37   16018.6             
229  	38   16204.5             
229  	39   15891.5             
229  	40   15146.6             
229  	41   15332.4             
229  	42   15937.4             
229  	43   16870.1             
229  	44   15315.4             
229  	45   14934               
229  	46   16487.2             
229  	47   15898.7             
229  	48   15308.2             
229  	49   15991.7             
229  	50   15619.2             
229  	51   15378.7             
229  	52   15988.7             
229  	53   16338.9             
229  	54   16231.8             
229  	55   15387.7             
229  	56   14986.9             
229  	57   14897.7             
229  	58   15059.2             
229  	59   15195.9             
229  	60   15461.1             
229  	61   16312.4             
229  	62   16496.6             
229  	63   16169.1             
229  	64   15512.7             
229  	65   15277.2             
229  	66   15278.3             
229  	67   15906               
229  	68   15806.4             
229  	69   15451.4             
229  	70   15527.2             
229  	71   15494.5             
229  	72   15417.9             
229  	73   15419.7             
229  	74   15389.6             
229  	75   15432.5             
229  	76   16078.1             
229  	77   16242.2             
229  	78   15998.6             
229  	79   15980               
229  	80   15997.2             
229  	81   16026.3             
229  	82   15886.6             
229  	83   15818.3             
229  	84   15787.2             
229  	85   15822.2             
229  	86   15859               
229  	87   15897               
229  	88   15911.9             
229  	89   15938.8             
229  	90   15976.3             
229  	91   16004.6             
229  	92   16030.6             
229  	93   16056.7             
229  	94   16098.4             
229  	95   16149.8             
229  	96   16211.5             
229  	97   16282.5             
229  	98   16359.1             
229  	99   16440.2             
229  	100  16512.1             
229  	101  16606.2             
229  	102  16721               
229  	103  16853.4             
229  	104  16998.2             
229  	105  17156.8             
229  	106  17339.1             
229  	107  17549               
229  	108  17792.3             
229  	109  18071.9             
229  	110  18382.8             
229  	111  18730.1             
229  	112  19125.9             
229  	113  19557.7             
229  	114  20028.4             
229  	115  20528.4             
229  	116  21048.7             
229  	117  21582.5             
229  	118  22087.7             
229  	119  22577.5             
229  	120  23034.3             
229  	121  23380.7             
229  	122  23669.6             
229  	123  23880.6             
229  	124  23991.8             
229  	125  24060.3             
229  	126  24079.3             
229  	127  24059.6             
229  	128  24025.1             
229  	129  23974.7             
229  	130  23909.2             
229  	131  23843.5             
229  	132  23781.7             
229  	133  23725.3             
229  	134  23667.3             
229  	135  23602.5             
229  	136  23533               
229  	137  23462.6             
229  	138  23389.9             
229  	139  23305.8             
229  	140  23219.8             
229  	141  23132.3             
229  	142  23036.3             
229  	143  22939.6             
229  	144  22842.3             
229  	145  22749.2             
229  	146  22662.1             
229  	147  22582.1             
229  	148  22512               
229  	149  22451.8             
229  	150  22404.5             
229  	151  22375.2             
229  	152  22360.6             
229  	153  22368.2             
229  	154  22402.5             
229  	155  22457.6             
229  	156  22548.1             
229  	157  22676               
229  	158  22835.2             
229  	159  23047.6             
229  	160  23311.6             
229  	161  23620.8             
229  	162  23989.4             
229  	163  24391.4             
229  	164  24818.4             
229  	165  25226.9             
229  	166  25574.8             
229  	167  25868.5             
229  	168  26024.6             
229  	169  26076.8             
229  	170  26057.2             
229  	171  25940.1             
229  	172  25772.4             
229  	173  25577.1             
229  	174  25347.9             
229  	175  25139               
229  	176  24964.1             
229  	177  24865.4             
229  	178  24801.3             
229  	179  24754.4             
229  	180  24681.5             
229  	181  24667.8             
229  	182  24689.5             
229  	183  24653.3             
229  	184  24628.9             
229  	185  24611.9             
229  	186  24577.8             
229  	187  24525.3             
229  	188  24457.3             
229  	189  24377               
229  	190  24275.9             
229  	191  24158.4             
229  	192  24030.2             
229  	193  23889.2             
229  	194  23736.5             
229  	195  23541.5             
229  	196  23335.8             
229  	197  23120.3             
229  	198  22863.9             
229  	199  22589.2             
229  	200  22298.5             
229  	201  21972.9             
229  	202  21637.4             
229  	203  21293.7             
229  	204  20927.7             
229  	205  20555.2             
229  	206  20177.7             
229  	207  19800.7             
229  	208  19435               
229  	209  19081               
229  	210  18746.1             
229  	211  18432.3             
229  	212  18138.3             
229  	213  17877               
229  	214  17639               
229  	215  17422.2             
229  	216  17231.6             
229  	217  17060.2             
229  	218  16907.8             
229  	219  16772.1             
229  	220  16655.2             
229  	221  16559.7             
229  	222  16464.6             
229  	223  16374.8             
229  	224  16292.7             
229  	225  16229.5             
229  	226  16171.5             
229  	227  16115.5             
229  	228  16068.8             
229  	229  16025.6             
229  	230  15985.3             
229  	231  15948               
229  	232  15913.4             
229  	233  15882.3             
229  	234  15857.5             
229  	235  15834.3             
229  	236  15811.7             
229  	237  15792.5             
229  	238  15774.5             
229  	239  15757.2             
229  	240  15743.3             
229  	241  15729.3             
229  	242  15713.3             
229  	243  15701.9             
229  	244  15690.4             
229  	245  15677.1             
229  	246  15664.8             
229  	247  15653.2             
229  	248  15639.5             
229  	249  15624.4             
229  	250  15607.2             
229  	251  15586               
229  	252  15555.3             
229  	253  15510               
229  	254  15429.4             
229  	255  16324.6             
229  	256  17962.4             
229  	257  16500.1             
229  	258  16104               
229  	259  15986.5             
229  	260  15933.3             
229  	261  15895               
229  	262  15864.6             
229  	263  15839.4             
229  	264  15820.4             
229  	265  15804.3             
229  	266  15787.4             
229  	267  15772.1             
229  	268  15758               
229  	269  15743               
229  	270  15729.6             
229  	271  15718.8             
229  	272  15706.6             
229  	273  15697               
229  	274  15688.9             
229  	275  15682.9             
229  	276  15677.7             
229  	277  15673.1             
229  	278  15669               
229  	279  15665.9             
229  	280  15663.5             
229  	281  15661.4             
229  	282  15659.5             
229  	283  15657.9             
229  	284  15656.9             
229  	285  15655.7             
229  	286  15654.4             
229  	287  15653.5             
229  	288  15652.7             
229  	289  15651.9             
229  	290  15651.3             
229  	291  15650.7             
229  	292  15650               
229  	293  15649.6             
229  	294  15649.1             
229  	295  15648.6             
229  	296  15648.2             
229  	297  15647.9             
229  	298  15647.5             
229  	299  15647.2             
