33   	0    14816.8             
33   	1    14816.8             
33   	2    14816.8             
33   	3    14816.8             
33   	4    14816.8             
33   	5    14816.8             
33   	6    14816.8             
33   	7    14816.8             
33   	8    14816.8             
33   	9    14816.8             
33   	10   14816.8             
33   	11   14816.8             
33   	12   14816.8             
33   	13   14816.8             
33   	14   14816.8             
33   	15   14816.8             
33   	16   14816.8             
33   	17   14816.8             
33   	18   14816.8             
33   	19   14816.8             
33   	20   14816.8             
33   	21   14816.8             
33   	22   14816.8             
33   	23   14816.8             
33   	24   14816.8             
33   	25   14816.8             
33   	26   14816.8             
33   	27   14816.8             
33   	28   14816.8             
33   	29   14816.8             
33   	30   14816.8             
33   	31   14816.8             
33   	32   14816.8             
33   	33   14816.8             
33   	34   14816.8             
33   	35   14816.8             
33   	36   14816.8             
33   	37   14816.8             
33   	38   14816.8             
33   	39   14816.8             
33   	40   14816.8             
33   	41   14816.8             
33   	42   14816.8             
33   	43   14816.8             
33   	44   14816.8             
33   	45   14816.8             
33   	46   14816.8             
33   	47   14816.8             
33   	48   14816.8             
33   	49   14816.8             
33   	50   14816.8             
33   	51   14816.8             
33   	52   14816.8             
33   	53   14816.8             
33   	54   14816.8             
33   	55   14816.8             
33   	56   14816.8             
33   	57   14816.8             
33   	58   14816.8             
33   	59   14816.8             
33   	60   14816.8             
33   	61   14816.8             
33   	62   14816.8             
33   	63   14816.8             
33   	64   14816.8             
33   	65   14816.8             
33   	66   14816.8             
33   	67   14816.8             
33   	68   14816.8             
33   	69   14816.8             
33   	70   14816.8             
33   	71   14816.8             
33   	72   14816.8             
33   	73   14816.8             
33   	74   14816.8             
33   	75   14816.8             
33   	76   14816.8             
33   	77   14816.8             
33   	78   14816.8             
33   	79   14816.8             
33   	80   14816.8             
33   	81   14816.8             
33   	82   14817.1             
33   	83   14817.2             
33   	84   14817.2             
33   	85   14817.3             
33   	86   14817.4             
33   	87   14817.4             
33   	88   14817.4             
33   	89   14817.4             
33   	90   14817.4             
33   	91   14817.4             
33   	92   14817.4             
33   	93   14817.3             
33   	94   14816               
33   	95   14815.5             
33   	96   14815.5             
33   	97   14815.2             
33   	98   14815               
33   	99   14815               
33   	100  14815.1             
33   	101  14815.1             
33   	102  14815.1             
33   	103  14815               
33   	104  14815               
33   	105  14815               
33   	106  14815               
33   	107  14815               
33   	108  14815               
33   	109  14815               
33   	110  14815               
33   	111  14815               
33   	112  14815               
33   	113  14815               
33   	114  14815               
33   	115  14815               
33   	116  14815               
33   	117  14815               
33   	118  14815               
33   	119  14815               
33   	120  14815               
33   	121  14815               
33   	122  14815.1             
33   	123  14815               
33   	124  14815               
33   	125  14815               
33   	126  14815               
33   	127  14815.1             
33   	128  14815.1             
33   	129  14815.1             
33   	130  14815.2             
33   	131  14815.2             
33   	132  14815.2             
33   	133  14815.2             
33   	134  14815.2             
33   	135  14815.2             
33   	136  14815.2             
33   	137  14815.2             
33   	138  14815.2             
33   	139  14815.2             
33   	140  14815.3             
33   	141  14815.3             
33   	142  14815.3             
33   	143  14815.3             
33   	144  14815.3             
33   	145  14815.3             
33   	146  14815.3             
33   	147  14815.3             
33   	148  14815.3             
33   	149  14815.3             
33   	150  14815.3             
33   	151  14815.3             
33   	152  14815.3             
33   	153  14815.3             
33   	154  14815.3             
33   	155  14815.3             
33   	156  14815.3             
33   	157  14815.3             
33   	158  14815.3             
33   	159  14815.3             
33   	160  14815.3             
33   	161  14815.4             
33   	162  14815.4             
33   	163  14815.4             
33   	164  14815.4             
33   	165  14815.5             
33   	166  14815.5             
33   	167  14815.5             
33   	168  14815.5             
33   	169  14815.6             
33   	170  14815.6             
33   	171  14815.6             
33   	172  14815.7             
33   	173  14815.7             
33   	174  14815.8             
33   	175  14815.8             
33   	176  14815.8             
33   	177  14815.9             
33   	178  14816               
33   	179  14816               
33   	180  14816.1             
33   	181  14816.2             
33   	182  14816.2             
33   	183  14816.3             
33   	184  14816.4             
33   	185  14816.5             
33   	186  14816.7             
33   	187  14816.8             
33   	188  14817               
33   	189  14817.1             
33   	190  14817.3             
33   	191  14817.5             
33   	192  14817.7             
33   	193  14818               
33   	194  14818.3             
33   	195  14818.6             
33   	196  14819               
33   	197  14819.4             
33   	198  14819.9             
33   	199  14820.4             
33   	200  14821               
33   	201  14821.7             
33   	202  14822.5             
33   	203  14823.4             
33   	204  14824               
33   	205  14824.6             
33   	206  14825.4             
33   	207  14825.5             
33   	208  14825.4             
33   	209  14824.9             
33   	210  14820.1             
33   	211  14817.8             
33   	212  14817.4             
33   	213  14816.8             
33   	214  14816.3             
33   	215  14815.9             
33   	216  14815.9             
33   	217  14816               
33   	218  14816.1             
33   	219  14816.1             
33   	220  14816.2             
33   	221  14816.4             
33   	222  14816.5             
33   	223  14816.9             
33   	224  14817.4             
33   	225  14817.5             
33   	226  14817.7             
33   	227  14818               
33   	228  14816               
33   	229  14814.9             
33   	230  14815.2             
33   	231  14815.2             
33   	232  14815.2             
33   	233  14815.3             
33   	234  14815.2             
33   	235  14815.2             
33   	236  14815.1             
33   	237  14815.1             
33   	238  14815.1             
33   	239  14815.2             
33   	240  14815.2             
33   	241  14815.2             
33   	242  14815.2             
33   	243  14815.2             
33   	244  14815.2             
33   	245  14815.2             
33   	246  14815.2             
33   	247  14815.2             
33   	248  14815.2             
33   	249  14815.2             
33   	250  14815.2             
33   	251  14815.2             
33   	252  14815.2             
33   	253  14815.2             
33   	254  14815.2             
33   	255  14816.2             
33   	256  14817.3             
33   	257  14815.5             
33   	258  14815.1             
33   	259  14815.1             
33   	260  14814.9             
33   	261  14814.8             
33   	262  14814.7             
33   	263  14814.7             
33   	264  14814.7             
33   	265  14815               
33   	266  14815.5             
33   	267  14815.9             
33   	268  14816.5             
33   	269  14817               
33   	270  14817.3             
33   	271  14817.3             
33   	272  14816.5             
33   	273  14815.8             
33   	274  14815.1             
33   	275  14815.2             
33   	276  14815.2             
33   	277  14815.2             
33   	278  14815.2             
33   	279  14815.2             
33   	280  14815.2             
33   	281  14815.2             
33   	282  14815.2             
33   	283  14815.2             
33   	284  14815.2             
33   	285  14815.2             
33   	286  14815.2             
33   	287  14815.2             
33   	288  14815.2             
33   	289  14815.2             
33   	290  14815.2             
33   	291  14815.2             
33   	292  14815.2             
33   	293  14815.2             
33   	294  14815.2             
33   	295  14815.2             
33   	296  14815.2             
33   	297  14815.2             
33   	298  14815.2             
33   	299  14815.2             
