9    	0    14816.8             
9    	1    14816.8             
9    	2    14816.8             
9    	3    14816.8             
9    	4    14816.8             
9    	5    14816.8             
9    	6    14816.8             
9    	7    14816.8             
9    	8    14816.8             
9    	9    14816.8             
9    	10   14816.8             
9    	11   14816.8             
9    	12   14816.8             
9    	13   14816.8             
9    	14   14816.8             
9    	15   14816.8             
9    	16   14816.8             
9    	17   14816.8             
9    	18   14816.8             
9    	19   14816.8             
9    	20   14816.8             
9    	21   14816.8             
9    	22   14816.8             
9    	23   14816.8             
9    	24   14816.8             
9    	25   14816.8             
9    	26   14816.8             
9    	27   14816.8             
9    	28   14816.8             
9    	29   14816.8             
9    	30   14816.8             
9    	31   14816.8             
9    	32   14816.8             
9    	33   14816.8             
9    	34   14816.8             
9    	35   14816.8             
9    	36   14816.8             
9    	37   14816.8             
9    	38   14816.8             
9    	39   14816.8             
9    	40   14816.8             
9    	41   14816.8             
9    	42   14816.8             
9    	43   14816.8             
9    	44   14816.8             
9    	45   14816.8             
9    	46   14816.8             
9    	47   14816.8             
9    	48   14816.8             
9    	49   14816.8             
9    	50   14816.8             
9    	51   14816.8             
9    	52   14816.8             
9    	53   14816.8             
9    	54   14816.8             
9    	55   14816.8             
9    	56   14816.8             
9    	57   14816.8             
9    	58   14816.8             
9    	59   14816.8             
9    	60   14816.8             
9    	61   14816.8             
9    	62   14816.8             
9    	63   14816.8             
9    	64   14816.8             
9    	65   14816.8             
9    	66   14816.8             
9    	67   14816.8             
9    	68   14816.8             
9    	69   14816.8             
9    	70   14816.8             
9    	71   14816.8             
9    	72   14816.8             
9    	73   14816.8             
9    	74   14816.8             
9    	75   14816.8             
9    	76   14816.8             
9    	77   14816.8             
9    	78   14816.8             
9    	79   14816.8             
9    	80   14816.8             
9    	81   14816.8             
9    	82   14817.1             
9    	83   14817.2             
9    	84   14817.2             
9    	85   14817.3             
9    	86   14817.4             
9    	87   14817.4             
9    	88   14817.4             
9    	89   14817.4             
9    	90   14817.4             
9    	91   14817.4             
9    	92   14817.4             
9    	93   14817.3             
9    	94   14816               
9    	95   14815.5             
9    	96   14815.5             
9    	97   14815.2             
9    	98   14815               
9    	99   14815               
9    	100  14815               
9    	101  14815.1             
9    	102  14815               
9    	103  14815               
9    	104  14815               
9    	105  14815               
9    	106  14815               
9    	107  14815               
9    	108  14815               
9    	109  14815               
9    	110  14815               
9    	111  14815               
9    	112  14815               
9    	113  14815               
9    	114  14815               
9    	115  14815               
9    	116  14815               
9    	117  14815               
9    	118  14815               
9    	119  14815               
9    	120  14815               
9    	121  14815               
9    	122  14815               
9    	123  14815               
9    	124  14815               
9    	125  14815               
9    	126  14815               
9    	127  14815               
9    	128  14815.1             
9    	129  14815.1             
9    	130  14815.1             
9    	131  14815.2             
9    	132  14815.2             
9    	133  14815.2             
9    	134  14815.2             
9    	135  14815.2             
9    	136  14815.2             
9    	137  14815.2             
9    	138  14815.2             
9    	139  14815.2             
9    	140  14815.2             
9    	141  14815.2             
9    	142  14815.2             
9    	143  14815.2             
9    	144  14815.2             
9    	145  14815.2             
9    	146  14815.2             
9    	147  14815.2             
9    	148  14815.2             
9    	149  14815.2             
9    	150  14815.2             
9    	151  14815.2             
9    	152  14815.2             
9    	153  14815.2             
9    	154  14815.2             
9    	155  14815.2             
9    	156  14815.2             
9    	157  14815.2             
9    	158  14815.2             
9    	159  14815.2             
9    	160  14815.2             
9    	161  14815.2             
9    	162  14815.2             
9    	163  14815.2             
9    	164  14815.2             
9    	165  14815.2             
9    	166  14815.2             
9    	167  14815.2             
9    	168  14815.2             
9    	169  14815.3             
9    	170  14815.3             
9    	171  14815.3             
9    	172  14815.3             
9    	173  14815.3             
9    	174  14815.3             
9    	175  14815.3             
9    	176  14815.3             
9    	177  14815.4             
9    	178  14815.4             
9    	179  14815.4             
9    	180  14815.4             
9    	181  14815.4             
9    	182  14815.4             
9    	183  14815.5             
9    	184  14815.5             
9    	185  14815.5             
9    	186  14815.5             
9    	187  14815.6             
9    	188  14815.6             
9    	189  14815.6             
9    	190  14815.7             
9    	191  14815.7             
9    	192  14815.8             
9    	193  14815.8             
9    	194  14815.9             
9    	195  14816               
9    	196  14816               
9    	197  14816.1             
9    	198  14816.2             
9    	199  14816.3             
9    	200  14816.4             
9    	201  14816.5             
9    	202  14816.6             
9    	203  14816.7             
9    	204  14816.9             
9    	205  14817               
9    	206  14817.1             
9    	207  14817.1             
9    	208  14817.1             
9    	209  14817.1             
9    	210  14816.2             
9    	211  14815.7             
9    	212  14815.7             
9    	213  14815.6             
9    	214  14815.5             
9    	215  14815.4             
9    	216  14815.4             
9    	217  14815.4             
9    	218  14815.4             
9    	219  14815.4             
9    	220  14815.4             
9    	221  14815.4             
9    	222  14815.5             
9    	223  14815.6             
9    	224  14815.7             
9    	225  14815.8             
9    	226  14815.8             
9    	227  14815.9             
9    	228  14815.4             
9    	229  14815.1             
9    	230  14815.2             
9    	231  14815.2             
9    	232  14815.2             
9    	233  14815.2             
9    	234  14815.2             
9    	235  14815.2             
9    	236  14815.2             
9    	237  14815.2             
9    	238  14815.2             
9    	239  14815.2             
9    	240  14815.2             
9    	241  14815.2             
9    	242  14815.2             
9    	243  14815.2             
9    	244  14815.2             
9    	245  14815.2             
9    	246  14815.2             
9    	247  14815.2             
9    	248  14815.2             
9    	249  14815.2             
9    	250  14815.2             
9    	251  14815.2             
9    	252  14815.2             
9    	253  14815.2             
9    	254  14815.2             
9    	255  14815.5             
9    	256  14815.7             
9    	257  14815.3             
9    	258  14815.2             
9    	259  14815.2             
9    	260  14815.1             
9    	261  14815.1             
9    	262  14815.1             
9    	263  14815               
9    	264  14815               
9    	265  14815.1             
9    	266  14815.2             
9    	267  14815.3             
9    	268  14815.4             
9    	269  14815.5             
9    	270  14815.6             
9    	271  14815.6             
9    	272  14815.5             
9    	273  14815.4             
9    	274  14815.2             
9    	275  14815.2             
9    	276  14815.2             
9    	277  14815.2             
9    	278  14815.2             
9    	279  14815.2             
9    	280  14815.2             
9    	281  14815.2             
9    	282  14815.2             
9    	283  14815.2             
9    	284  14815.2             
9    	285  14815.2             
9    	286  14815.2             
9    	287  14815.2             
9    	288  14815.2             
9    	289  14815.2             
9    	290  14815.2             
9    	291  14815.2             
9    	292  14815.2             
9    	293  14815.2             
9    	294  14815.2             
9    	295  14815.2             
9    	296  14815.2             
9    	297  14815.2             
9    	298  14815.2             
9    	299  14815.2             
