235  	0    15086.7             
235  	1    15163.6             
235  	2    15268.6             
235  	3    15401.4             
235  	4    15569               
235  	5    15792.5             
235  	6    16071.3             
235  	7    16418.9             
235  	8    16859.1             
235  	9    17386.6             
235  	10   18015.3             
235  	11   18718.7             
235  	12   19474.8             
235  	13   20257.9             
235  	14   20858.3             
235  	15   21278.3             
235  	16   21430.9             
235  	17   20974.3             
235  	18   20203.3             
235  	19   19150.4             
235  	20   17840.3             
235  	21   16730.7             
235  	22   15865.9             
235  	23   15337.2             
235  	24   15084.1             
235  	25   15001.1             
235  	26   15024.6             
235  	27   15100.2             
235  	28   15330.8             
235  	29   15925.7             
235  	30   16885.8             
235  	31   17949.7             
235  	32   17707.2             
235  	33   16948.7             
235  	34   15984.3             
235  	35   15734.4             
235  	36   15810.2             
235  	37   16686.2             
235  	38   16983               
235  	39   16472.3             
235  	40   15302.8             
235  	41   15593.7             
235  	42   16569.5             
235  	43   18128.6             
235  	44   15572.6             
235  	45   14991               
235  	46   17488.7             
235  	47   16505.4             
235  	48   15554.9             
235  	49   16643.3             
235  	50   16044.6             
235  	51   15670.9             
235  	52   16632.7             
235  	53   17215.3             
235  	54   17047.5             
235  	55   15686.7             
235  	56   15065.4             
235  	57   14932.6             
235  	58   15176.7             
235  	59   15379.8             
235  	60   15792.8             
235  	61   17178               
235  	62   17478.3             
235  	63   16925.5             
235  	64   15866.7             
235  	65   15502               
235  	66   15505.9             
235  	67   16489.2             
235  	68   16331.5             
235  	69   15774.5             
235  	70   15882.9             
235  	71   15832.7             
235  	72   15716.7             
235  	73   15719.2             
235  	74   15668.7             
235  	75   15728.9             
235  	76   17789               
235  	77   17002.4             
235  	78   16613.2             
235  	79   16572.7             
235  	80   16594.8             
235  	81   16642.4             
235  	82   16419.8             
235  	83   16310               
235  	84   16257.6             
235  	85   16302.3             
235  	86   16351.2             
235  	87   16404               
235  	88   16424               
235  	89   16456.8             
235  	90   16502.5             
235  	91   16534.6             
235  	92   16564.8             
235  	93   16596.3             
235  	94   16641.7             
235  	95   16702.3             
235  	96   16778.9             
235  	97   16861.9             
235  	98   16951.4             
235  	99   17046.7             
235  	100  17121.2             
235  	101  17222.9             
235  	102  17349               
235  	103  17490.6             
235  	104  17637.9             
235  	105  17791.1             
235  	106  17980.7             
235  	107  18187.9             
235  	108  18414.3             
235  	109  18670.4             
235  	110  18947.2             
235  	111  19247.1             
235  	112  19569.6             
235  	113  19909.3             
235  	114  20266.1             
235  	115  20620               
235  	116  20971.3             
235  	117  21312.2             
235  	118  21608.8             
235  	119  21875.1             
235  	120  22096.7             
235  	121  22239.2             
235  	122  22344.6             
235  	123  22404.3             
235  	124  22411.6             
235  	125  22399.1             
235  	126  22365               
235  	127  22315.7             
235  	128  22260.9             
235  	129  22200.1             
235  	130  22136.6             
235  	131  22074.4             
235  	132  22013.9             
235  	133  21952.6             
235  	134  21890.6             
235  	135  21825.7             
235  	136  21760.3             
235  	137  21693.5             
235  	138  21621.7             
235  	139  21547.6             
235  	140  21473.2             
235  	141  21396               
235  	142  21318.6             
235  	143  21244.5             
235  	144  21173.7             
235  	145  21108.9             
235  	146  21051.2             
235  	147  21001.8             
235  	148  20963.7             
235  	149  20935.8             
235  	150  20921.3             
235  	151  20924.6             
235  	152  20940.8             
235  	153  20973.3             
235  	154  21030.2             
235  	155  21104.6             
235  	156  21205.5             
235  	157  21337.3             
235  	158  21495.6             
235  	159  21697               
235  	160  21941.3             
235  	161  22225.3             
235  	162  22557               
235  	163  22912               
235  	164  23283.9             
235  	165  23625.2             
235  	166  23900.2             
235  	167  24117.7             
235  	168  24202.5             
235  	169  24195.7             
235  	170  24128.4             
235  	171  23987.8             
235  	172  23813.3             
235  	173  23622.1             
235  	174  23402               
235  	175  23211.5             
235  	176  23058.6             
235  	177  22977.6             
235  	178  22921.5             
235  	179  22878.9             
235  	180  22840.9             
235  	181  22840.3             
235  	182  22862.3             
235  	183  22834.5             
235  	184  22822.4             
235  	185  22820.2             
235  	186  22796.1             
235  	187  22761.9             
235  	188  22718.4             
235  	189  22661.9             
235  	190  22592.7             
235  	191  22513.3             
235  	192  22424.5             
235  	193  22329.7             
235  	194  22229               
235  	195  22095.6             
235  	196  21956.3             
235  	197  21811.3             
235  	198  21641               
235  	199  21460.5             
235  	200  21270.7             
235  	201  21058.9             
235  	202  20840.5             
235  	203  20616.2             
235  	204  20369.7             
235  	205  20120.3             
235  	206  19868.5             
235  	207  19611.8             
235  	208  19360.1             
235  	209  19113.5             
235  	210  18871.8             
235  	211  18641.7             
235  	212  18423               
235  	213  18212.3             
235  	214  18016.6             
235  	215  17836.5             
235  	216  17673.9             
235  	217  17524.2             
235  	218  17388               
235  	219  17265.4             
235  	220  17152.5             
235  	221  17049.9             
235  	222  16960               
235  	223  16878.3             
235  	224  16802               
235  	225  16732.8             
235  	226  16669.4             
235  	227  16612               
235  	228  16559.4             
235  	229  16511.8             
235  	230  16470.1             
235  	231  16431.5             
235  	232  16395.7             
235  	233  16363.5             
235  	234  16333.9             
235  	235  16305.7             
235  	236  16279.2             
235  	237  16255.1             
235  	238  16233.3             
235  	239  16213.3             
235  	240  16194               
235  	241  16176               
235  	242  16160.3             
235  	243  16143.1             
235  	244  16125.9             
235  	245  16110               
235  	246  16094.5             
235  	247  16077.7             
235  	248  16059.7             
235  	249  16037.3             
235  	250  16012.3             
235  	251  15981.6             
235  	252  15935.1             
235  	253  15866.2             
235  	254  15744.8             
235  	255  16819.3             
235  	256  18610.8             
235  	257  17095.2             
235  	258  16630.5             
235  	259  16473.6             
235  	260  16407.8             
235  	261  16359.4             
235  	262  16320.9             
235  	263  16293.3             
235  	264  16269.7             
235  	265  16249.1             
235  	266  16232.4             
235  	267  16216.3             
235  	268  16201.5             
235  	269  16188.2             
235  	270  16175.6             
235  	271  16163.9             
235  	272  16154.6             
235  	273  16146.1             
235  	274  16138.3             
235  	275  16131.6             
235  	276  16125.9             
235  	277  16120.9             
235  	278  16117.2             
235  	279  16113.6             
235  	280  16110.4             
235  	281  16107.8             
235  	282  16105.5             
235  	283  16103.5             
235  	284  16101.2             
235  	285  16099.6             
235  	286  16098.3             
235  	287  16097.3             
235  	288  16096.1             
235  	289  16094.9             
235  	290  16094               
235  	291  16094.1             
235  	292  16092.1             
235  	293  16091.4             
235  	294  16090.7             
235  	295  16090.1             
235  	296  16089.5             
235  	297  16088.9             
235  	298  16088.4             
235  	299  16088               
