26   	0    14816.8             
26   	1    14816.8             
26   	2    14816.8             
26   	3    14816.8             
26   	4    14816.8             
26   	5    14816.8             
26   	6    14816.8             
26   	7    14816.8             
26   	8    14816.8             
26   	9    14816.8             
26   	10   14816.8             
26   	11   14816.8             
26   	12   14816.8             
26   	13   14816.8             
26   	14   14816.8             
26   	15   14816.8             
26   	16   14816.8             
26   	17   14816.8             
26   	18   14816.8             
26   	19   14816.8             
26   	20   14816.8             
26   	21   14816.8             
26   	22   14816.8             
26   	23   14816.8             
26   	24   14816.8             
26   	25   14816.8             
26   	26   14816.8             
26   	27   14816.8             
26   	28   14816.8             
26   	29   14816.8             
26   	30   14816.8             
26   	31   14816.8             
26   	32   14816.8             
26   	33   14816.8             
26   	34   14816.8             
26   	35   14816.8             
26   	36   14816.8             
26   	37   14816.8             
26   	38   14816.8             
26   	39   14816.8             
26   	40   14816.8             
26   	41   14816.8             
26   	42   14816.8             
26   	43   14816.8             
26   	44   14816.8             
26   	45   14816.8             
26   	46   14816.8             
26   	47   14816.8             
26   	48   14816.8             
26   	49   14816.8             
26   	50   14816.8             
26   	51   14816.8             
26   	52   14816.8             
26   	53   14816.8             
26   	54   14816.8             
26   	55   14816.8             
26   	56   14816.8             
26   	57   14816.8             
26   	58   14816.8             
26   	59   14816.8             
26   	60   14816.8             
26   	61   14816.8             
26   	62   14816.8             
26   	63   14816.8             
26   	64   14816.8             
26   	65   14816.8             
26   	66   14816.8             
26   	67   14816.8             
26   	68   14816.8             
26   	69   14816.8             
26   	70   14816.8             
26   	71   14816.8             
26   	72   14816.8             
26   	73   14816.8             
26   	74   14816.8             
26   	75   14816.8             
26   	76   14816.8             
26   	77   14816.8             
26   	78   14816.8             
26   	79   14816.8             
26   	80   14816.8             
26   	81   14816.8             
26   	82   14817.1             
26   	83   14817.2             
26   	84   14817.2             
26   	85   14817.3             
26   	86   14817.4             
26   	87   14817.4             
26   	88   14817.4             
26   	89   14817.4             
26   	90   14817.4             
26   	91   14817.4             
26   	92   14817.4             
26   	93   14817.3             
26   	94   14816               
26   	95   14815.5             
26   	96   14815.5             
26   	97   14815.2             
26   	98   14815               
26   	99   14815               
26   	100  14815               
26   	101  14815.1             
26   	102  14815.1             
26   	103  14815               
26   	104  14815               
26   	105  14815               
26   	106  14815               
26   	107  14815               
26   	108  14815               
26   	109  14815               
26   	110  14815               
26   	111  14815               
26   	112  14815               
26   	113  14815               
26   	114  14815               
26   	115  14815               
26   	116  14815               
26   	117  14815               
26   	118  14815               
26   	119  14815               
26   	120  14815               
26   	121  14815               
26   	122  14815               
26   	123  14815               
26   	124  14815               
26   	125  14815               
26   	126  14815               
26   	127  14815               
26   	128  14815.1             
26   	129  14815.1             
26   	130  14815.1             
26   	131  14815.2             
26   	132  14815.2             
26   	133  14815.2             
26   	134  14815.2             
26   	135  14815.2             
26   	136  14815.2             
26   	137  14815.2             
26   	138  14815.2             
26   	139  14815.2             
26   	140  14815.2             
26   	141  14815.2             
26   	142  14815.2             
26   	143  14815.2             
26   	144  14815.2             
26   	145  14815.2             
26   	146  14815.3             
26   	147  14815.3             
26   	148  14815.2             
26   	149  14815.2             
26   	150  14815.2             
26   	151  14815.2             
26   	152  14815.2             
26   	153  14815.2             
26   	154  14815.2             
26   	155  14815.2             
26   	156  14815.3             
26   	157  14815.3             
26   	158  14815.3             
26   	159  14815.3             
26   	160  14815.3             
26   	161  14815.3             
26   	162  14815.3             
26   	163  14815.3             
26   	164  14815.3             
26   	165  14815.3             
26   	166  14815.4             
26   	167  14815.4             
26   	168  14815.4             
26   	169  14815.4             
26   	170  14815.4             
26   	171  14815.5             
26   	172  14815.5             
26   	173  14815.5             
26   	174  14815.6             
26   	175  14815.6             
26   	176  14815.6             
26   	177  14815.6             
26   	178  14815.7             
26   	179  14815.7             
26   	180  14815.8             
26   	181  14815.8             
26   	182  14815.9             
26   	183  14815.9             
26   	184  14816               
26   	185  14816               
26   	186  14816.1             
26   	187  14816.2             
26   	188  14816.3             
26   	189  14816.4             
26   	190  14816.5             
26   	191  14816.7             
26   	192  14816.8             
26   	193  14817               
26   	194  14817.2             
26   	195  14817.3             
26   	196  14817.6             
26   	197  14817.8             
26   	198  14818.1             
26   	199  14818.4             
26   	200  14818.7             
26   	201  14819.2             
26   	202  14819.6             
26   	203  14820               
26   	204  14820.4             
26   	205  14820.8             
26   	206  14821.2             
26   	207  14821.3             
26   	208  14821.2             
26   	209  14820.9             
26   	210  14818.2             
26   	211  14816.8             
26   	212  14816.6             
26   	213  14816.2             
26   	214  14815.9             
26   	215  14815.6             
26   	216  14815.7             
26   	217  14815.7             
26   	218  14815.8             
26   	219  14815.7             
26   	220  14815.8             
26   	221  14815.9             
26   	222  14816               
26   	223  14816.3             
26   	224  14816.6             
26   	225  14816.7             
26   	226  14816.8             
26   	227  14817               
26   	228  14815.7             
26   	229  14815               
26   	230  14815.2             
26   	231  14815.2             
26   	232  14815.2             
26   	233  14815.2             
26   	234  14815.2             
26   	235  14815.2             
26   	236  14815.2             
26   	237  14815.1             
26   	238  14815.1             
26   	239  14815.2             
26   	240  14815.2             
26   	241  14815.2             
26   	242  14815.2             
26   	243  14815.2             
26   	244  14815.2             
26   	245  14815.2             
26   	246  14815.2             
26   	247  14815.2             
26   	248  14815.2             
26   	249  14815.2             
26   	250  14815.2             
26   	251  14815.2             
26   	252  14815.2             
26   	253  14815.2             
26   	254  14815.2             
26   	255  14815.9             
26   	256  14816.6             
26   	257  14815.4             
26   	258  14815.2             
26   	259  14815.1             
26   	260  14815               
26   	261  14814.9             
26   	262  14814.9             
26   	263  14814.8             
26   	264  14814.8             
26   	265  14815               
26   	266  14815.3             
26   	267  14815.6             
26   	268  14815.9             
26   	269  14816.2             
26   	270  14816.4             
26   	271  14816.4             
26   	272  14816               
26   	273  14815.6             
26   	274  14815.1             
26   	275  14815.2             
26   	276  14815.2             
26   	277  14815.2             
26   	278  14815.2             
26   	279  14815.2             
26   	280  14815.2             
26   	281  14815.2             
26   	282  14815.2             
26   	283  14815.2             
26   	284  14815.2             
26   	285  14815.2             
26   	286  14815.2             
26   	287  14815.2             
26   	288  14815.2             
26   	289  14815.2             
26   	290  14815.2             
26   	291  14815.2             
26   	292  14815.2             
26   	293  14815.2             
26   	294  14815.2             
26   	295  14815.2             
26   	296  14815.2             
26   	297  14815.2             
26   	298  14815.2             
26   	299  14815.2             
