178  	0    14820.4             
178  	1    14821               
178  	2    14821.8             
178  	3    14822.7             
178  	4    14823.7             
178  	5    14825               
178  	6    14826.4             
178  	7    14828.1             
178  	8    14830               
178  	9    14832               
178  	10   14834.2             
178  	11   14836.5             
178  	12   14838.7             
178  	13   14840.8             
178  	14   14842.3             
178  	15   14843.3             
178  	16   14843.6             
178  	17   14842.3             
178  	18   14840.3             
178  	19   14837.2             
178  	20   14833.1             
178  	21   14829               
178  	22   14825.1             
178  	23   14822.2             
178  	24   14820.3             
178  	25   14819.4             
178  	26   14819.8             
178  	27   14821               
178  	28   14823.5             
178  	29   14827.6             
178  	30   14832.3             
178  	31   14836.3             
178  	32   14835.2             
178  	33   14831.8             
178  	34   14826.8             
178  	35   14825.3             
178  	36   14826.1             
178  	37   14831.5             
178  	38   14833.3             
178  	39   14830.8             
178  	40   14823.1             
178  	41   14824.2             
178  	42   14828.6             
178  	43   14834.7             
178  	44   14823.8             
178  	45   14819.2             
178  	46   14831.7             
178  	47   14828.3             
178  	48   14824.3             
178  	49   14830.7             
178  	50   14827.7             
178  	51   14825.2             
178  	52   14831.2             
178  	53   14832.8             
178  	54   14830.9             
178  	55   14823.7             
178  	56   14820               
178  	57   14819.2             
178  	58   14821.8             
178  	59   14823.4             
178  	60   14825.3             
178  	61   14830.6             
178  	62   14832.4             
178  	63   14831.5             
178  	64   14826.6             
178  	65   14824               
178  	66   14823.6             
178  	67   14829.7             
178  	68   14828.5             
178  	69   14824.9             
178  	70   14826.8             
178  	71   14826.3             
178  	72   14824.8             
178  	73   14824.8             
178  	74   14825               
178  	75   14826               
178  	76   14831.5             
178  	77   14832.5             
178  	78   14830.5             
178  	79   14830.9             
178  	80   14831.1             
178  	81   14831.1             
178  	82   14830.4             
178  	83   14830               
178  	84   14829.8             
178  	85   14830.5             
178  	86   14831.2             
178  	87   14831.8             
178  	88   14831.9             
178  	89   14832.2             
178  	90   14832.5             
178  	91   14832.9             
178  	92   14833.1             
178  	93   14833.3             
178  	94   14833               
178  	95   14833.4             
178  	96   14834.4             
178  	97   14835.5             
178  	98   14836.8             
178  	99   14838.1             
178  	100  14839.3             
178  	101  14840.9             
178  	102  14842.9             
178  	103  14845.4             
178  	104  14848.2             
178  	105  14851.4             
178  	106  14855.1             
178  	107  14859.6             
178  	108  14864.9             
178  	109  14871.7             
178  	110  14879.6             
178  	111  14888.5             
178  	112  14900.3             
178  	113  14914.2             
178  	114  14931               
178  	115  14952.7             
178  	116  14978.5             
178  	117  15009.5             
178  	118  15047.8             
178  	119  15091.5             
178  	120  15141.2             
178  	121  15197.2             
178  	122  15259.9             
178  	123  15330.5             
178  	124  15402               
178  	125  15474.3             
178  	126  15544.2             
178  	127  15619.2             
178  	128  15704.5             
178  	129  15805.5             
178  	130  15913               
178  	131  16022.3             
178  	132  16127.4             
178  	133  16239.6             
178  	134  16371               
178  	135  16537.9             
178  	136  16722.6             
178  	137  16924.9             
178  	138  17148.9             
178  	139  17419               
178  	140  17715.2             
178  	141  18026.1             
178  	142  18398.7             
178  	143  18793.1             
178  	144  19164.1             
178  	145  19626.7             
178  	146  20128.9             
178  	147  20619.3             
178  	148  21138               
178  	149  21699.2             
178  	150  22327.2             
178  	151  22908               
178  	152  23503.1             
178  	153  24173.7             
178  	154  24819               
178  	155  25464.8             
178  	156  26110.6             
178  	157  26753.4             
178  	158  27405.8             
178  	159  28066.5             
178  	160  28677.7             
178  	161  29272.7             
178  	162  29867.8             
178  	163  30388.7             
178  	164  30867.8             
178  	165  31299.1             
178  	166  31710.5             
178  	167  32096.4             
178  	168  32387.7             
178  	169  32633.7             
178  	170  32842.8             
178  	171  32972.8             
178  	172  33073               
178  	173  33152.3             
178  	174  33203.5             
178  	175  33228.1             
178  	176  33236.3             
178  	177  33238.3             
178  	178  33235.4             
178  	179  33229.1             
178  	180  33216.6             
178  	181  33202.3             
178  	182  33185.7             
178  	183  33158.6             
178  	184  33120.2             
178  	185  33073               
178  	186  33014.1             
178  	187  32940.5             
178  	188  32852.7             
178  	189  32716.3             
178  	190  32551.4             
178  	191  32362.1             
178  	192  32132.3             
178  	193  31862.9             
178  	194  31557.4             
178  	195  31139.4             
178  	196  30663.1             
178  	197  30135.9             
178  	198  29455.1             
178  	199  28685.3             
178  	200  27843               
178  	201  26793.2             
178  	202  25667.5             
178  	203  24494.1             
178  	204  23139.7             
178  	205  21805.7             
178  	206  20532.8             
178  	207  19264.9             
178  	208  18204.3             
178  	209  17349.7             
178  	210  16728.2             
178  	211  16319.4             
178  	212  16063.5             
178  	213  15920.2             
178  	214  15829.4             
178  	215  15767.6             
178  	216  15707.1             
178  	217  15642               
178  	218  15572               
178  	219  15486.3             
178  	220  15408               
178  	221  15336.9             
178  	222  15268.7             
178  	223  15203.9             
178  	224  15136               
178  	225  15056.5             
178  	226  14985.2             
178  	227  14924.6             
178  	228  14884.6             
178  	229  14860.5             
178  	230  14847.6             
178  	231  14841.2             
178  	232  14837.1             
178  	233  14834.6             
178  	234  14832.9             
178  	235  14831.6             
178  	236  14830.8             
178  	237  14830.1             
178  	238  14829.6             
178  	239  14829.2             
178  	240  14828.8             
178  	241  14828.5             
178  	242  14828.3             
178  	243  14828               
178  	244  14827.7             
178  	245  14827.5             
178  	246  14827.3             
178  	247  14827.1             
178  	248  14826.9             
178  	249  14826.7             
178  	250  14826.5             
178  	251  14826.3             
178  	252  14825.8             
178  	253  14825.3             
178  	254  14824.6             
178  	255  14951.3             
178  	256  16061.6             
178  	257  16161.2             
178  	258  16323.7             
178  	259  16316.2             
178  	260  16267               
178  	261  16202               
178  	262  16130.9             
178  	263  16040.1             
178  	264  15944.9             
178  	265  15881.7             
178  	266  15769.4             
178  	267  15591.1             
178  	268  15426.7             
178  	269  15224.3             
178  	270  15063.6             
178  	271  14957.8             
178  	272  14887.5             
178  	273  14853.8             
178  	274  14837.2             
178  	275  14831.5             
178  	276  14829               
178  	277  14827.9             
178  	278  14827.5             
178  	279  14827.3             
178  	280  14827.1             
178  	281  14827               
178  	282  14826.9             
178  	283  14826.9             
178  	284  14826.8             
178  	285  14826.8             
178  	286  14826.8             
178  	287  14826.8             
178  	288  14826.7             
178  	289  14826.7             
178  	290  14826.7             
178  	291  14826.7             
178  	292  14826.7             
178  	293  14826.7             
178  	294  14826.7             
178  	295  14826.7             
178  	296  14826.7             
178  	297  14826.7             
178  	298  14826.7             
178  	299  14826.7             
