145  	0    14817.3             
145  	1    14817.3             
145  	2    14817.4             
145  	3    14817.5             
145  	4    14817.6             
145  	5    14817.7             
145  	6    14817.8             
145  	7    14817.9             
145  	8    14818               
145  	9    14818.1             
145  	10   14818.3             
145  	11   14818.4             
145  	12   14818.6             
145  	13   14818.7             
145  	14   14818.7             
145  	15   14818.8             
145  	16   14818.8             
145  	17   14818.7             
145  	18   14818.6             
145  	19   14818.4             
145  	20   14818.2             
145  	21   14817.9             
145  	22   14817.6             
145  	23   14817.4             
145  	24   14817.3             
145  	25   14817.2             
145  	26   14817.2             
145  	27   14817.4             
145  	28   14817.7             
145  	29   14818.1             
145  	30   14818.4             
145  	31   14818.7             
145  	32   14818.5             
145  	33   14818.3             
145  	34   14817.9             
145  	35   14817.7             
145  	36   14817.9             
145  	37   14818.3             
145  	38   14818.5             
145  	39   14818.3             
145  	40   14817.6             
145  	41   14817.6             
145  	42   14817.9             
145  	43   14818.3             
145  	44   14817.6             
145  	45   14817.1             
145  	46   14818.1             
145  	47   14817.9             
145  	48   14817.7             
145  	49   14818.2             
145  	50   14818               
145  	51   14817.8             
145  	52   14818.3             
145  	53   14818.4             
145  	54   14818.1             
145  	55   14817.5             
145  	56   14817.2             
145  	57   14817.2             
145  	58   14817.5             
145  	59   14817.6             
145  	60   14817.7             
145  	61   14818               
145  	62   14818.2             
145  	63   14818.3             
145  	64   14817.9             
145  	65   14817.7             
145  	66   14817.6             
145  	67   14818.1             
145  	68   14818               
145  	69   14817.6             
145  	70   14817.9             
145  	71   14817.8             
145  	72   14817.6             
145  	73   14817.6             
145  	74   14817.7             
145  	75   14817.8             
145  	76   14818.2             
145  	77   14818.3             
145  	78   14818.2             
145  	79   14818.2             
145  	80   14818.2             
145  	81   14818.2             
145  	82   14818.3             
145  	83   14818.3             
145  	84   14818.3             
145  	85   14818.5             
145  	86   14818.6             
145  	87   14818.6             
145  	88   14818.6             
145  	89   14818.6             
145  	90   14818.6             
145  	91   14818.6             
145  	92   14818.6             
145  	93   14818.6             
145  	94   14817.5             
145  	95   14817.1             
145  	96   14817.1             
145  	97   14817               
145  	98   14817               
145  	99   14817.1             
145  	100  14817.2             
145  	101  14817.3             
145  	102  14817.4             
145  	103  14817.6             
145  	104  14817.8             
145  	105  14818               
145  	106  14818.2             
145  	107  14818.5             
145  	108  14818.8             
145  	109  14819.2             
145  	110  14819.7             
145  	111  14820.2             
145  	112  14820.8             
145  	113  14821.5             
145  	114  14822.3             
145  	115  14823.4             
145  	116  14824.5             
145  	117  14825.8             
145  	118  14827.3             
145  	119  14829.1             
145  	120  14830.9             
145  	121  14833.1             
145  	122  14835.5             
145  	123  14838.2             
145  	124  14840.8             
145  	125  14843.6             
145  	126  14846.4             
145  	127  14849.5             
145  	128  14853.1             
145  	129  14857.1             
145  	130  14861.2             
145  	131  14865.5             
145  	132  14869.7             
145  	133  14874.6             
145  	134  14879.9             
145  	135  14885.4             
145  	136  14892.8             
145  	137  14901.3             
145  	138  14910.9             
145  	139  14922.1             
145  	140  14935               
145  	141  14950.4             
145  	142  14966.2             
145  	143  14983.6             
145  	144  15003.9             
145  	145  15026.6             
145  	146  15051.8             
145  	147  15080.4             
145  	148  15111.7             
145  	149  15146.8             
145  	150  15188.3             
145  	151  15236.3             
145  	152  15289.6             
145  	153  15347.5             
145  	154  15410               
145  	155  15480.8             
145  	156  15570.2             
145  	157  15667.3             
145  	158  15770.7             
145  	159  15877.7             
145  	160  16011.8             
145  	161  16166.6             
145  	162  16338.7             
145  	163  16532.2             
145  	164  16745.7             
145  	165  16977.5             
145  	166  17239.1             
145  	167  17530.3             
145  	168  17855.2             
145  	169  18217.1             
145  	170  18620.9             
145  	171  19095.5             
145  	172  19587               
145  	173  20110.1             
145  	174  20716.4             
145  	175  21333.8             
145  	176  21976.9             
145  	177  22695.2             
145  	178  23437.7             
145  	179  24208.8             
145  	180  24994.9             
145  	181  25779.1             
145  	182  26564.8             
145  	183  27313.8             
145  	184  28108.5             
145  	185  28931.5             
145  	186  29564.3             
145  	187  30157               
145  	188  30712.9             
145  	189  31178.7             
145  	190  31535.3             
145  	191  31795               
145  	192  31961.4             
145  	193  31999.3             
145  	194  31921.3             
145  	195  31699               
145  	196  31355.3             
145  	197  30904               
145  	198  30306.4             
145  	199  29589.6             
145  	200  28771.1             
145  	201  27701.6             
145  	202  26528.4             
145  	203  25284.8             
145  	204  23773               
145  	205  22254               
145  	206  20800.1             
145  	207  19271.7             
145  	208  17995.6             
145  	209  16999.8             
145  	210  16364               
145  	211  16067               
145  	212  15955.8             
145  	213  15922.5             
145  	214  15922               
145  	215  15923.3             
145  	216  15891.5             
145  	217  15839.1             
145  	218  15767               
145  	219  15640.5             
145  	220  15512.2             
145  	221  15406.4             
145  	222  15329.8             
145  	223  15271.5             
145  	224  15211               
145  	225  15108.6             
145  	226  14993.6             
145  	227  14893.2             
145  	228  14840.8             
145  	229  14822.8             
145  	230  14819.7             
145  	231  14818.7             
145  	232  14818               
145  	233  14817.5             
145  	234  14817.2             
145  	235  14817               
145  	236  14816.9             
145  	237  14816.9             
145  	238  14816.8             
145  	239  14816.7             
145  	240  14816.7             
145  	241  14816.7             
145  	242  14816.7             
145  	243  14816.7             
145  	244  14816.6             
145  	245  14816.6             
145  	246  14816.6             
145  	247  14816.6             
145  	248  14816.6             
145  	249  14816.5             
145  	250  14816.5             
145  	251  14816.5             
145  	252  14816.4             
145  	253  14816.4             
145  	254  14816.3             
145  	255  14882               
145  	256  15047.6             
145  	257  15274.5             
145  	258  16376.8             
145  	259  16791.1             
145  	260  16862.3             
145  	261  16881.8             
145  	262  16865.4             
145  	263  16792.1             
145  	264  16703.2             
145  	265  16688.5             
145  	266  16556.7             
145  	267  16217.3             
145  	268  15907.5             
145  	269  15492.7             
145  	270  15169.4             
145  	271  14984.5             
145  	272  14871.2             
145  	273  14832.2             
145  	274  14818.6             
145  	275  14817.1             
145  	276  14816.7             
145  	277  14816.6             
145  	278  14816.6             
145  	279  14816.5             
145  	280  14816.5             
145  	281  14816.5             
145  	282  14816.5             
145  	283  14816.5             
145  	284  14816.5             
145  	285  14816.5             
145  	286  14816.5             
145  	287  14816.5             
145  	288  14816.5             
145  	289  14816.5             
145  	290  14816.5             
145  	291  14816.5             
145  	292  14816.5             
145  	293  14816.5             
145  	294  14816.5             
145  	295  14816.5             
145  	296  14816.5             
145  	297  14816.5             
145  	298  14816.5             
145  	299  14816.5             
