194  	0    14828.5             
194  	1    14831               
194  	2    14834.1             
194  	3    14837.8             
194  	4    14842.2             
194  	5    14847.7             
194  	6    14854.1             
194  	7    14861.5             
194  	8    14870.2             
194  	9    14879.9             
194  	10   14890.6             
194  	11   14901.7             
194  	12   14912.8             
194  	13   14923.6             
194  	14   14931.3             
194  	15   14936.5             
194  	16   14938.1             
194  	17   14931.9             
194  	18   14921.5             
194  	19   14906.5             
194  	20   14886.2             
194  	21   14866.7             
194  	22   14848.9             
194  	23   14835.9             
194  	24   14828.2             
194  	25   14824.8             
194  	26   14825.8             
194  	27   14829.5             
194  	28   14838.4             
194  	29   14855.2             
194  	30   14876.2             
194  	31   14895.3             
194  	32   14890.4             
194  	33   14875.6             
194  	34   14854               
194  	35   14847.7             
194  	36   14850.4             
194  	37   14872.3             
194  	38   14879.4             
194  	39   14868.7             
194  	40   14837.5             
194  	41   14843.8             
194  	42   14864.3             
194  	43   14892.7             
194  	44   14842.4             
194  	45   14824.4             
194  	46   14880.1             
194  	47   14863               
194  	48   14843.3             
194  	49   14869.9             
194  	50   14856.5             
194  	51   14846.5             
194  	52   14871.2             
194  	53   14880.5             
194  	54   14874.3             
194  	55   14843.6             
194  	56   14827.5             
194  	57   14823.6             
194  	58   14832.6             
194  	59   14839.1             
194  	60   14848.8             
194  	61   14875.3             
194  	62   14882.3             
194  	63   14874.9             
194  	64   14852.5             
194  	65   14842.3             
194  	66   14841.4             
194  	67   14866.8             
194  	68   14862.4             
194  	69   14847.7             
194  	70   14853.6             
194  	71   14852               
194  	72   14847.1             
194  	73   14847.3             
194  	74   14847.2             
194  	75   14850.5             
194  	76   14874.8             
194  	77   14880.1             
194  	78   14871.6             
194  	79   14872               
194  	80   14872.8             
194  	81   14873.5             
194  	82   14869.1             
194  	83   14866.8             
194  	84   14865.9             
194  	85   14868.3             
194  	86   14870.7             
194  	87   14873               
194  	88   14873.7             
194  	89   14875.1             
194  	90   14877               
194  	91   14878.8             
194  	92   14880.3             
194  	93   14881.6             
194  	94   14883.6             
194  	95   14886.8             
194  	96   14891.1             
194  	97   14895.8             
194  	98   14901               
194  	99   14906.7             
194  	100  14912.4             
194  	101  14919.5             
194  	102  14928.2             
194  	103  14938.9             
194  	104  14951.1             
194  	105  14965.2             
194  	106  14982.8             
194  	107  15003.1             
194  	108  15026.5             
194  	109  15056.6             
194  	110  15091.9             
194  	111  15133.3             
194  	112  15187.1             
194  	113  15251.8             
194  	114  15329.9             
194  	115  15430.9             
194  	116  15548.4             
194  	117  15685               
194  	118  15851.7             
194  	119  16046.8             
194  	120  16276.4             
194  	121  16538.1             
194  	122  16822.5             
194  	123  17123.2             
194  	124  17413.3             
194  	125  17706.7             
194  	126  17994.7             
194  	127  18288.7             
194  	128  18610.3             
194  	129  18973.5             
194  	130  19332               
194  	131  19684.2             
194  	132  20009.4             
194  	133  20385.5             
194  	134  20797.6             
194  	135  21250.9             
194  	136  21690.2             
194  	137  22180.8             
194  	138  22784.8             
194  	139  23369.7             
194  	140  23959.8             
194  	141  24548               
194  	142  25118.9             
194  	143  25683.6             
194  	144  26221.4             
194  	145  26762.7             
194  	146  27268.2             
194  	147  27648.7             
194  	148  28062.9             
194  	149  28449.8             
194  	150  28708.6             
194  	151  28976.3             
194  	152  29225.6             
194  	153  29398.9             
194  	154  29565.2             
194  	155  29723.4             
194  	156  29858.9             
194  	157  29988               
194  	158  30118.5             
194  	159  30259.4             
194  	160  30433.3             
194  	161  30628.7             
194  	162  30847.7             
194  	163  31093.5             
194  	164  31353.2             
194  	165  31606.6             
194  	166  31845.1             
194  	167  32064.7             
194  	168  32219.1             
194  	169  32324               
194  	170  32392.7             
194  	171  32404.3             
194  	172  32391.5             
194  	173  32362.6             
194  	174  32311.4             
194  	175  32250.4             
194  	176  32188.7             
194  	177  32143.7             
194  	178  32109.3             
194  	179  32081.4             
194  	180  32045.8             
194  	181  32019.6             
194  	182  31997.9             
194  	183  31961.9             
194  	184  31911.4             
194  	185  31850.1             
194  	186  31785.7             
194  	187  31698               
194  	188  31590               
194  	189  31432.7             
194  	190  31266.1             
194  	191  31088.9             
194  	192  30834.9             
194  	193  30545               
194  	194  30223               
194  	195  29812.2             
194  	196  29346.4             
194  	197  28833.3             
194  	198  28186.3             
194  	199  27463.5             
194  	200  26679.4             
194  	201  25740.5             
194  	202  24758.2             
194  	203  23751.2             
194  	204  22589.8             
194  	205  21469.5             
194  	206  20409.8             
194  	207  19375.3             
194  	208  18470.1             
194  	209  17709.2             
194  	210  17104.5             
194  	211  16650.2             
194  	212  16310.2             
194  	213  16086.1             
194  	214  15912.3             
194  	215  15787.6             
194  	216  15690.8             
194  	217  15607               
194  	218  15532.6             
194  	219  15459.3             
194  	220  15392               
194  	221  15330.2             
194  	222  15266.4             
194  	223  15206.9             
194  	224  15149.3             
194  	225  15088.3             
194  	226  15035.1             
194  	227  14990.1             
194  	228  14954.2             
194  	229  14927.9             
194  	230  14909.7             
194  	231  14897.8             
194  	232  14888.9             
194  	233  14882.4             
194  	234  14878.1             
194  	235  14874.6             
194  	236  14871.9             
194  	237  14869.6             
194  	238  14867.8             
194  	239  14866.3             
194  	240  14865               
194  	241  14863.8             
194  	242  14862.8             
194  	243  14861.9             
194  	244  14861.1             
194  	245  14860.4             
194  	246  14859.5             
194  	247  14858.8             
194  	248  14858.2             
194  	249  14857.3             
194  	250  14856.3             
194  	251  14855.3             
194  	252  14853.6             
194  	253  14851.4             
194  	254  14848.1             
194  	255  15056               
194  	256  16200.7             
194  	257  15805.6             
194  	258  15823.5             
194  	259  15807.5             
194  	260  15764.4             
194  	261  15707.2             
194  	262  15649.4             
194  	263  15586.3             
194  	264  15522.7             
194  	265  15474.1             
194  	266  15405.2             
194  	267  15312.3             
194  	268  15224.8             
194  	269  15119.8             
194  	270  15031.5             
194  	271  14967               
194  	272  14919.6             
194  	273  14891.8             
194  	274  14875.3             
194  	275  14867.3             
194  	276  14863.1             
194  	277  14860.7             
194  	278  14859.6             
194  	279  14858.9             
194  	280  14858.4             
194  	281  14858.1             
194  	282  14857.9             
194  	283  14857.7             
194  	284  14857.6             
194  	285  14857.5             
194  	286  14857.4             
194  	287  14857.3             
194  	288  14857.3             
194  	289  14857.2             
194  	290  14857.2             
194  	291  14857.1             
194  	292  14857               
194  	293  14857               
194  	294  14857               
194  	295  14856.9             
194  	296  14856.9             
194  	297  14856.9             
194  	298  14856.9             
194  	299  14856.8             
