110  	0    14816.9             
110  	1    14816.9             
110  	2    14816.9             
110  	3    14816.9             
110  	4    14816.9             
110  	5    14816.9             
110  	6    14816.9             
110  	7    14816.9             
110  	8    14817               
110  	9    14817               
110  	10   14817               
110  	11   14817               
110  	12   14817               
110  	13   14817               
110  	14   14817               
110  	15   14817               
110  	16   14817               
110  	17   14817               
110  	18   14817               
110  	19   14817               
110  	20   14817               
110  	21   14816.9             
110  	22   14816.9             
110  	23   14816.9             
110  	24   14816.9             
110  	25   14816.9             
110  	26   14816.9             
110  	27   14816.9             
110  	28   14816.9             
110  	29   14817               
110  	30   14817               
110  	31   14817               
110  	32   14817               
110  	33   14817               
110  	34   14816.9             
110  	35   14816.9             
110  	36   14816.9             
110  	37   14817               
110  	38   14817               
110  	39   14817               
110  	40   14816.9             
110  	41   14816.9             
110  	42   14816.9             
110  	43   14817               
110  	44   14816.9             
110  	45   14816.8             
110  	46   14817               
110  	47   14816.9             
110  	48   14816.9             
110  	49   14817               
110  	50   14817               
110  	51   14816.9             
110  	52   14817               
110  	53   14817               
110  	54   14817               
110  	55   14816.9             
110  	56   14816.9             
110  	57   14816.9             
110  	58   14816.9             
110  	59   14816.9             
110  	60   14816.9             
110  	61   14816.9             
110  	62   14817               
110  	63   14817               
110  	64   14817               
110  	65   14816.9             
110  	66   14816.9             
110  	67   14817               
110  	68   14817               
110  	69   14816.9             
110  	70   14817               
110  	71   14817               
110  	72   14816.9             
110  	73   14816.9             
110  	74   14816.9             
110  	75   14816.9             
110  	76   14817               
110  	77   14817               
110  	78   14817               
110  	79   14817               
110  	80   14817               
110  	81   14817               
110  	82   14817.3             
110  	83   14817.4             
110  	84   14817.4             
110  	85   14817.4             
110  	86   14817.5             
110  	87   14817.5             
110  	88   14817.5             
110  	89   14817.5             
110  	90   14817.5             
110  	91   14817.5             
110  	92   14817.5             
110  	93   14817.4             
110  	94   14816.2             
110  	95   14815.7             
110  	96   14815.7             
110  	97   14815.4             
110  	98   14815.3             
110  	99   14815.3             
110  	100  14815.3             
110  	101  14815.3             
110  	102  14815.3             
110  	103  14815.3             
110  	104  14815.4             
110  	105  14815.4             
110  	106  14815.4             
110  	107  14815.4             
110  	108  14815.4             
110  	109  14815.5             
110  	110  14815.5             
110  	111  14815.6             
110  	112  14815.6             
110  	113  14815.7             
110  	114  14815.8             
110  	115  14815.9             
110  	116  14816               
110  	117  14816               
110  	118  14816.2             
110  	119  14816.3             
110  	120  14816.4             
110  	121  14816.5             
110  	122  14816.6             
110  	123  14816.8             
110  	124  14816.9             
110  	125  14817.1             
110  	126  14817.2             
110  	127  14817.4             
110  	128  14817.6             
110  	129  14817.9             
110  	130  14818               
110  	131  14818.2             
110  	132  14818.4             
110  	133  14818.6             
110  	134  14818.9             
110  	135  14819.1             
110  	136  14819.5             
110  	137  14819.9             
110  	138  14820.3             
110  	139  14820.7             
110  	140  14821.2             
110  	141  14821.7             
110  	142  14822.4             
110  	143  14823.1             
110  	144  14823.7             
110  	145  14824.5             
110  	146  14825.4             
110  	147  14826.6             
110  	148  14827.8             
110  	149  14829               
110  	150  14830               
110  	151  14831.7             
110  	152  14833.5             
110  	153  14835               
110  	154  14837.3             
110  	155  14839.8             
110  	156  14841.8             
110  	157  14844.6             
110  	158  14847.9             
110  	159  14851.5             
110  	160  14855.6             
110  	161  14860.1             
110  	162  14865.7             
110  	163  14871.9             
110  	164  14878.8             
110  	165  14886.7             
110  	166  14895.1             
110  	167  14904               
110  	168  14913.8             
110  	169  14925.7             
110  	170  14939.5             
110  	171  14956.3             
110  	172  14973.3             
110  	173  14991.8             
110  	174  15018.5             
110  	175  15045.5             
110  	176  15073.8             
110  	177  15110.2             
110  	178  15151.9             
110  	179  15198.7             
110  	180  15249.8             
110  	181  15309.8             
110  	182  15378.5             
110  	183  15455.9             
110  	184  15550.5             
110  	185  15662.9             
110  	186  15796.4             
110  	187  15947.1             
110  	188  16116.2             
110  	189  16303.7             
110  	190  16507.5             
110  	191  16731.1             
110  	192  17033.4             
110  	193  17354.7             
110  	194  17696.1             
110  	195  18094.8             
110  	196  18513.6             
110  	197  18951.9             
110  	198  19442.4             
110  	199  19899               
110  	200  20309.5             
110  	201  20634.6             
110  	202  20833.4             
110  	203  20890.8             
110  	204  20526.9             
110  	205  19968.8             
110  	206  19253.4             
110  	207  18241.4             
110  	208  17165.6             
110  	209  16180.5             
110  	210  15466               
110  	211  15181.7             
110  	212  15110.2             
110  	213  15105               
110  	214  15156.3             
110  	215  15221.6             
110  	216  15285.9             
110  	217  15338.2             
110  	218  15366.5             
110  	219  15342.7             
110  	220  15270.6             
110  	221  15197               
110  	222  15160.7             
110  	223  15164.2             
110  	224  15172               
110  	225  15124.1             
110  	226  15015.5             
110  	227  14897.9             
110  	228  14829.5             
110  	229  14815.3             
110  	230  14815.8             
110  	231  14816               
110  	232  14815.9             
110  	233  14815.7             
110  	234  14815.3             
110  	235  14815               
110  	236  14815               
110  	237  14815               
110  	238  14815.2             
110  	239  14815.5             
110  	240  14815.5             
110  	241  14815.4             
110  	242  14815.4             
110  	243  14815.4             
110  	244  14815.4             
110  	245  14815.4             
110  	246  14815.4             
110  	247  14815.4             
110  	248  14815.4             
110  	249  14815.4             
110  	250  14815.4             
110  	251  14815.4             
110  	252  14815.4             
110  	253  14815.4             
110  	254  14815.4             
110  	255  14844               
110  	256  14895.1             
110  	257  14834               
110  	258  14851.3             
110  	259  14894.5             
110  	260  14954.9             
110  	261  15043.8             
110  	262  15182.2             
110  	263  15338.5             
110  	264  15541.5             
110  	265  15904.1             
110  	266  16174               
110  	267  16133.6             
110  	268  16000.8             
110  	269  15596               
110  	270  15223               
110  	271  15007.5             
110  	272  14867.7             
110  	273  14826.8             
110  	274  14815.3             
110  	275  14815.3             
110  	276  14815.4             
110  	277  14815.4             
110  	278  14815.4             
110  	279  14815.4             
110  	280  14815.4             
110  	281  14815.4             
110  	282  14815.4             
110  	283  14815.4             
110  	284  14815.4             
110  	285  14815.4             
110  	286  14815.4             
110  	287  14815.4             
110  	288  14815.4             
110  	289  14815.4             
110  	290  14815.4             
110  	291  14815.4             
110  	292  14815.4             
110  	293  14815.4             
110  	294  14815.4             
110  	295  14815.4             
110  	296  14815.4             
110  	297  14815.4             
110  	298  14815.4             
110  	299  14815.4             
