159  	0    14817.8             
159  	1    14818               
159  	2    14818.2             
159  	3    14818.4             
159  	4    14818.6             
159  	5    14818.9             
159  	6    14819.2             
159  	7    14819.5             
159  	8    14819.9             
159  	9    14820.3             
159  	10   14820.7             
159  	11   14821.1             
159  	12   14821.5             
159  	13   14821.8             
159  	14   14822.1             
159  	15   14822.2             
159  	16   14822.3             
159  	17   14822.1             
159  	18   14821.7             
159  	19   14821.1             
159  	20   14820.4             
159  	21   14819.6             
159  	22   14818.9             
159  	23   14818.3             
159  	24   14817.8             
159  	25   14817.6             
159  	26   14817.8             
159  	27   14818.1             
159  	28   14818.8             
159  	29   14819.7             
159  	30   14820.7             
159  	31   14821.4             
159  	32   14821.2             
159  	33   14820.5             
159  	34   14819.4             
159  	35   14819               
159  	36   14819.3             
159  	37   14820.5             
159  	38   14820.9             
159  	39   14820.4             
159  	40   14818.6             
159  	41   14818.8             
159  	42   14819.6             
159  	43   14820.8             
159  	44   14818.6             
159  	45   14817.5             
159  	46   14820.1             
159  	47   14819.5             
159  	48   14818.8             
159  	49   14820.3             
159  	50   14819.6             
159  	51   14819.1             
159  	52   14820.5             
159  	53   14820.7             
159  	54   14820.1             
159  	55   14818.5             
159  	56   14817.7             
159  	57   14817.6             
159  	58   14818.3             
159  	59   14818.7             
159  	60   14819               
159  	61   14819.9             
159  	62   14820.4             
159  	63   14820.4             
159  	64   14819.4             
159  	65   14818.8             
159  	66   14818.6             
159  	67   14820               
159  	68   14819.7             
159  	69   14818.8             
159  	70   14819.4             
159  	71   14819.3             
159  	72   14818.9             
159  	73   14818.9             
159  	74   14819               
159  	75   14819.2             
159  	76   14820.3             
159  	77   14820.5             
159  	78   14820.1             
159  	79   14820.2             
159  	80   14820.3             
159  	81   14820.2             
159  	82   14820.2             
159  	83   14820.2             
159  	84   14820.1             
159  	85   14820.4             
159  	86   14820.6             
159  	87   14820.8             
159  	88   14820.8             
159  	89   14820.8             
159  	90   14820.8             
159  	91   14820.8             
159  	92   14820.8             
159  	93   14820.8             
159  	94   14819.9             
159  	95   14819.6             
159  	96   14819.8             
159  	97   14819.9             
159  	98   14820.1             
159  	99   14820.4             
159  	100  14820.6             
159  	101  14820.9             
159  	102  14821.3             
159  	103  14821.8             
159  	104  14822.3             
159  	105  14822.9             
159  	106  14823.7             
159  	107  14824.5             
159  	108  14825.4             
159  	109  14826.7             
159  	110  14828.1             
159  	111  14829.8             
159  	112  14831.7             
159  	113  14834               
159  	114  14836.8             
159  	115  14840.4             
159  	116  14844.5             
159  	117  14849.2             
159  	118  14855.1             
159  	119  14861.7             
159  	120  14869.2             
159  	121  14877.8             
159  	122  14887.1             
159  	123  14896.9             
159  	124  14906.9             
159  	125  14917.6             
159  	126  14929               
159  	127  14941.6             
159  	128  14954.7             
159  	129  14967.8             
159  	130  14985.1             
159  	131  15004               
159  	132  15023.6             
159  	133  15041.4             
159  	134  15061.4             
159  	135  15086.6             
159  	136  15117.5             
159  	137  15151.7             
159  	138  15188.7             
159  	139  15232.9             
159  	140  15284.1             
159  	141  15346               
159  	142  15410               
159  	143  15481.5             
159  	144  15568               
159  	145  15660.8             
159  	146  15761               
159  	147  15869.9             
159  	148  16003.8             
159  	149  16151.2             
159  	150  16300.2             
159  	151  16481.4             
159  	152  16686.5             
159  	153  16913.1             
159  	154  17160.1             
159  	155  17430.4             
159  	156  17731.3             
159  	157  18070.8             
159  	158  18444.6             
159  	159  18848.6             
159  	160  19276.1             
159  	161  19737               
159  	162  20251.6             
159  	163  20818.5             
159  	164  21428               
159  	165  22044.6             
159  	166  22731.7             
159  	167  23473.5             
159  	168  24218.1             
159  	169  24938.7             
159  	170  25670.1             
159  	171  26494.3             
159  	172  27280.9             
159  	173  28038.8             
159  	174  28702.6             
159  	175  29353.7             
159  	176  29997.8             
159  	177  30611.1             
159  	178  31152               
159  	179  31637.4             
159  	180  32044.2             
159  	181  32401.2             
159  	182  32713.4             
159  	183  32910.5             
159  	184  33072.4             
159  	185  33202.5             
159  	186  33252.7             
159  	187  33261.1             
159  	188  33235.8             
159  	189  33178.7             
159  	190  33073.6             
159  	191  32927.2             
159  	192  32720.5             
159  	193  32482.1             
159  	194  32214.3             
159  	195  31828.3             
159  	196  31384.6             
159  	197  30890               
159  	198  30218.6             
159  	199  29461.4             
159  	200  28635.5             
159  	201  27559               
159  	202  26383.4             
159  	203  25140.7             
159  	204  23653.5             
159  	205  22172.9             
159  	206  20754               
159  	207  19304.5             
159  	208  18087.9             
159  	209  17131.7             
159  	210  16500.9             
159  	211  16153.9             
159  	212  15985               
159  	213  15915.4             
159  	214  15885.1             
159  	215  15872.5             
159  	216  15826               
159  	217  15767.8             
159  	218  15693               
159  	219  15583.4             
159  	220  15472.2             
159  	221  15381.8             
159  	222  15308.4             
159  	223  15244.9             
159  	224  15177.5             
159  	225  15079.7             
159  	226  14982.4             
159  	227  14899               
159  	228  14852.3             
159  	229  14831.6             
159  	230  14825.2             
159  	231  14822.8             
159  	232  14821.4             
159  	233  14820.5             
159  	234  14819.9             
159  	235  14819.5             
159  	236  14819.2             
159  	237  14819.1             
159  	238  14819               
159  	239  14818.9             
159  	240  14818.8             
159  	241  14818.8             
159  	242  14818.7             
159  	243  14818.6             
159  	244  14818.6             
159  	245  14818.5             
159  	246  14818.5             
159  	247  14818.4             
159  	248  14818.4             
159  	249  14818.3             
159  	250  14818.2             
159  	251  14818.2             
159  	252  14818.1             
159  	253  14817.9             
159  	254  14817.8             
159  	255  14900.4             
159  	256  15248.4             
159  	257  15825.7             
159  	258  16740               
159  	259  16755.2             
159  	260  16729.2             
159  	261  16686.7             
159  	262  16631.4             
159  	263  16543.4             
159  	264  16441.2             
159  	265  16394.4             
159  	266  16257.2             
159  	267  15974.5             
159  	268  15716.5             
159  	269  15384               
159  	270  15126.1             
159  	271  14971.4             
159  	272  14875.2             
159  	273  14837.7             
159  	274  14822.8             
159  	275  14819.9             
159  	276  14818.9             
159  	277  14818.6             
159  	278  14818.5             
159  	279  14818.4             
159  	280  14818.4             
159  	281  14818.4             
159  	282  14818.3             
159  	283  14818.3             
159  	284  14818.3             
159  	285  14818.3             
159  	286  14818.3             
159  	287  14818.3             
159  	288  14818.3             
159  	289  14818.3             
159  	290  14818.3             
159  	291  14818.3             
159  	292  14818.3             
159  	293  14818.3             
159  	294  14818.3             
159  	295  14818.3             
159  	296  14818.3             
159  	297  14818.3             
159  	298  14818.3             
159  	299  14818.3             
