198  	0    14832.9             
198  	1    14836.4             
198  	2    14840.9             
198  	3    14846.3             
198  	4    14852.7             
198  	5    14860.8             
198  	6    14870.2             
198  	7    14881.2             
198  	8    14894.1             
198  	9    14908.6             
198  	10   14924.7             
198  	11   14941.5             
198  	12   14958.4             
198  	13   14974.8             
198  	14   14986.7             
198  	15   14994.6             
198  	16   14997.1             
198  	17   14987.8             
198  	18   14971.9             
198  	19   14949.2             
198  	20   14918.4             
198  	21   14889.1             
198  	22   14862.7             
198  	23   14843.6             
198  	24   14832.4             
198  	25   14827.5             
198  	26   14828.9             
198  	27   14833.8             
198  	28   14846.3             
198  	29   14870.7             
198  	30   14901.7             
198  	31   14930.3             
198  	32   14923.1             
198  	33   14901.2             
198  	34   14869.5             
198  	35   14860.3             
198  	36   14864               
198  	37   14895.9             
198  	38   14906.2             
198  	39   14890.3             
198  	40   14845.3             
198  	41   14854.8             
198  	42   14885.5             
198  	43   14927.8             
198  	44   14852.9             
198  	45   14827.2             
198  	46   14909.3             
198  	47   14883.6             
198  	48   14854               
198  	49   14892.7             
198  	50   14873               
198  	51   14858.5             
198  	52   14894.2             
198  	53   14908.7             
198  	54   14900.1             
198  	55   14855.2             
198  	56   14831.5             
198  	57   14825.9             
198  	58   14838.3             
198  	59   14847.8             
198  	60   14862.2             
198  	61   14902.1             
198  	62   14912.2             
198  	63   14900.5             
198  	64   14867.3             
198  	65   14852.5             
198  	66   14851.4             
198  	67   14888.3             
198  	68   14882.1             
198  	69   14861               
198  	70   14868.8             
198  	71   14866.6             
198  	72   14860               
198  	73   14860.2             
198  	74   14859.7             
198  	75   14864.1             
198  	76   14900.1             
198  	77   14908.1             
198  	78   14895.4             
198  	79   14895.9             
198  	80   14897.1             
198  	81   14898.1             
198  	82   14891.3             
198  	83   14888               
198  	84   14886.9             
198  	85   14890               
198  	86   14893.2             
198  	87   14896.4             
198  	88   14897.8             
198  	89   14899.9             
198  	90   14902.5             
198  	91   14905.1             
198  	92   14907.4             
198  	93   14909.6             
198  	94   14913               
198  	95   14917.6             
198  	96   14923.3             
198  	97   14930.3             
198  	98   14938.2             
198  	99   14946.9             
198  	100  14954.7             
198  	101  14964.7             
198  	102  14977               
198  	103  14993.2             
198  	104  15011.2             
198  	105  15031.3             
198  	106  15056.3             
198  	107  15085.5             
198  	108  15119.7             
198  	109  15162.5             
198  	110  15212.9             
198  	111  15272.8             
198  	112  15350.1             
198  	113  15443.5             
198  	114  15557.1             
198  	115  15700.3             
198  	116  15866.5             
198  	117  16059.4             
198  	118  16297.5             
198  	119  16576.2             
198  	120  16903.6             
198  	121  17259.6             
198  	122  17643.9             
198  	123  18050.2             
198  	124  18438.1             
198  	125  18822.4             
198  	126  19185.4             
198  	127  19556.9             
198  	128  19954.2             
198  	129  20385.7             
198  	130  20817               
198  	131  21229.8             
198  	132  21586.8             
198  	133  22005.3             
198  	134  22461.6             
198  	135  22958.1             
198  	136  23415.7             
198  	137  23914.2             
198  	138  24515.8             
198  	139  25075.1             
198  	140  25626.8             
198  	141  26165.8             
198  	142  26648.6             
198  	143  27100.2             
198  	144  27496.9             
198  	145  27882.6             
198  	146  28226               
198  	147  28450.8             
198  	148  28692.4             
198  	149  28906.2             
198  	150  29016.1             
198  	151  29133               
198  	152  29237.4             
198  	153  29291               
198  	154  29345               
198  	155  29401.3             
198  	156  29461.6             
198  	157  29536               
198  	158  29626.9             
198  	159  29754.5             
198  	160  29916               
198  	161  30105.4             
198  	162  30342.6             
198  	163  30605.4             
198  	164  30885.2             
198  	165  31173.1             
198  	166  31436.9             
198  	167  31677.1             
198  	168  31848.5             
198  	169  31959.3             
198  	170  32027               
198  	171  32032               
198  	172  32007.9             
198  	173  31964.5             
198  	174  31894.7             
198  	175  31817               
198  	176  31740.8             
198  	177  31684               
198  	178  31644.5             
198  	179  31615.2             
198  	180  31570.8             
198  	181  31540.5             
198  	182  31517.8             
198  	183  31485.4             
198  	184  31442               
198  	185  31390               
198  	186  31323.6             
198  	187  31217.7             
198  	188  31083.5             
198  	189  30967.3             
198  	190  30803.5             
198  	191  30599.4             
198  	192  30346.7             
198  	193  30061.1             
198  	194  29745.7             
198  	195  29330.3             
198  	196  28872.4             
198  	197  28377.8             
198  	198  27743.7             
198  	199  27049               
198  	200  26306.2             
198  	201  25414.7             
198  	202  24479.1             
198  	203  23516.9             
198  	204  22444.1             
198  	205  21399               
198  	206  20403.4             
198  	207  19419.7             
198  	208  18566.3             
198  	209  17835.7             
198  	210  17245               
198  	211  16777.4             
198  	212  16423.2             
198  	213  16169.4             
198  	214  15978.8             
198  	215  15835.6             
198  	216  15730.7             
198  	217  15632.6             
198  	218  15553.6             
198  	219  15478.3             
198  	220  15410.9             
198  	221  15348.3             
198  	222  15286.9             
198  	223  15228.5             
198  	224  15172               
198  	225  15115.6             
198  	226  15065.7             
198  	227  15022               
198  	228  14986.8             
198  	229  14959.9             
198  	230  14940.2             
198  	231  14926.6             
198  	232  14916.2             
198  	233  14908.4             
198  	234  14902.8             
198  	235  14898.3             
198  	236  14894.9             
198  	237  14891.9             
198  	238  14889.3             
198  	239  14887.3             
198  	240  14885.3             
198  	241  14883.5             
198  	242  14882.1             
198  	243  14880.8             
198  	244  14879.7             
198  	245  14878.5             
198  	246  14877.2             
198  	247  14876               
198  	248  14875.1             
198  	249  14874.1             
198  	250  14872.8             
198  	251  14871.3             
198  	252  14869.2             
198  	253  14866.3             
198  	254  14861.4             
198  	255  15103.1             
198  	256  16229.6             
198  	257  15720.8             
198  	258  15707.5             
198  	259  15689.5             
198  	260  15649.7             
198  	261  15600.2             
198  	262  15548               
198  	263  15494.2             
198  	264  15439.6             
198  	265  15397               
198  	266  15338.8             
198  	267  15263.6             
198  	268  15192.3             
198  	269  15106.7             
198  	270  15033.3             
198  	271  14978.1             
198  	272  14936.3             
198  	273  14910.7             
198  	274  14894.8             
198  	275  14886.5             
198  	276  14881.8             
198  	277  14879               
198  	278  14877.4             
198  	279  14876.5             
198  	280  14875.8             
198  	281  14875.5             
198  	282  14875.2             
198  	283  14875               
198  	284  14874.8             
198  	285  14874.7             
198  	286  14874.6             
198  	287  14874.4             
198  	288  14874.3             
198  	289  14874.2             
198  	290  14874.2             
198  	291  14874.1             
198  	292  14874.1             
198  	293  14874               
198  	294  14874               
198  	295  14873.9             
198  	296  14873.9             
198  	297  14873.9             
198  	298  14873.8             
198  	299  14873.8             
