183  	0    14821.9             
183  	1    14822.8             
183  	2    14824               
183  	3    14825.4             
183  	4    14827               
183  	5    14829               
183  	6    14831.3             
183  	7    14833.9             
183  	8    14836.9             
183  	9    14840.1             
183  	10   14843.7             
183  	11   14847.4             
183  	12   14851               
183  	13   14854.5             
183  	14   14857               
183  	15   14858.6             
183  	16   14859.1             
183  	17   14857.1             
183  	18   14853.7             
183  	19   14848.8             
183  	20   14842.1             
183  	21   14835.5             
183  	22   14829.3             
183  	23   14824.7             
183  	24   14821.8             
183  	25   14820.5             
183  	26   14821               
183  	27   14822.7             
183  	28   14826.3             
183  	29   14832.6             
183  	30   14840               
183  	31   14846.5             
183  	32   14844.7             
183  	33   14839.4             
183  	34   14831.6             
183  	35   14829.3             
183  	36   14830.5             
183  	37   14838.7             
183  	38   14841.4             
183  	39   14837.6             
183  	40   14825.8             
183  	41   14827.7             
183  	42   14834.7             
183  	43   14844.5             
183  	44   14827.1             
183  	45   14820.2             
183  	46   14839.9             
183  	47   14834.4             
183  	48   14827.8             
183  	49   14837.6             
183  	50   14832.8             
183  	51   14829               
183  	52   14838.2             
183  	53   14841.1             
183  	54   14838.3             
183  	55   14827.2             
183  	56   14821.4             
183  	57   14820.1             
183  	58   14823.9             
183  	59   14826.2             
183  	60   14829.5             
183  	61   14838.2             
183  	62   14841               
183  	63   14839.1             
183  	64   14831.3             
183  	65   14827.4             
183  	66   14826.8             
183  	67   14836.2             
183  	68   14834.4             
183  	69   14828.9             
183  	70   14831.6             
183  	71   14830.9             
183  	72   14828.8             
183  	73   14828.7             
183  	74   14828.9             
183  	75   14830.5             
183  	76   14839               
183  	77   14840.8             
183  	78   14837.7             
183  	79   14838.2             
183  	80   14838.4             
183  	81   14838.4             
183  	82   14837.1             
183  	83   14836.5             
183  	84   14836.2             
183  	85   14837.2             
183  	86   14838.2             
183  	87   14839.1             
183  	88   14839.3             
183  	89   14839.7             
183  	90   14840.3             
183  	91   14840.9             
183  	92   14841.3             
183  	93   14841.6             
183  	94   14841.8             
183  	95   14842.8             
183  	96   14844.3             
183  	97   14846.1             
183  	98   14848               
183  	99   14850.2             
183  	100  14852               
183  	101  14854.5             
183  	102  14857.6             
183  	103  14861.8             
183  	104  14866.2             
183  	105  14870.9             
183  	106  14877.1             
183  	107  14884.4             
183  	108  14892.8             
183  	109  14903.4             
183  	110  14915.9             
183  	111  14930.9             
183  	112  14949.9             
183  	113  14972.7             
183  	114  15000               
183  	115  15035.1             
183  	116  15077.2             
183  	117  15128.4             
183  	118  15190.3             
183  	119  15261.2             
183  	120  15341.9             
183  	121  15433.6             
183  	122  15536.5             
183  	123  15652.1             
183  	124  15758.2             
183  	125  15869.6             
183  	126  15989.1             
183  	127  16113.4             
183  	128  16250.6             
183  	129  16407.1             
183  	130  16578.8             
183  	131  16750.1             
183  	132  16905               
183  	133  17079.4             
183  	134  17282.8             
183  	135  17535               
183  	136  17797.5             
183  	137  18092.8             
183  	138  18447.8             
183  	139  18832.3             
183  	140  19240.4             
183  	141  19662.4             
183  	142  20172.5             
183  	143  20706.1             
183  	144  21190.8             
183  	145  21751.6             
183  	146  22357.2             
183  	147  22983.4             
183  	148  23583.8             
183  	149  24194.7             
183  	150  24832.5             
183  	151  25414               
183  	152  25996.3             
183  	153  26624.4             
183  	154  27193.9             
183  	155  27739.4             
183  	156  28258               
183  	157  28783.5             
183  	158  29301.2             
183  	159  29756.4             
183  	160  30182.7             
183  	161  30596.7             
183  	162  30998.6             
183  	163  31375.5             
183  	164  31729.8             
183  	165  32020.5             
183  	166  32287.1             
183  	167  32532.4             
183  	168  32721.2             
183  	169  32861.1             
183  	170  32967.1             
183  	171  33025.1             
183  	172  33061.2             
183  	173  33080.6             
183  	174  33070.4             
183  	175  33052.5             
183  	176  33031.6             
183  	177  33015.1             
183  	178  33001.1             
183  	179  32987.8             
183  	180  32962.1             
183  	181  32938.5             
183  	182  32915.7             
183  	183  32890.1             
183  	184  32850.7             
183  	185  32800.7             
183  	186  32740.5             
183  	187  32658.4             
183  	188  32556.9             
183  	189  32410.4             
183  	190  32241.6             
183  	191  32053               
183  	192  31816.8             
183  	193  31536.1             
183  	194  31216.1             
183  	195  30807.8             
183  	196  30334               
183  	197  29806.6             
183  	198  29118.6             
183  	199  28357.9             
183  	200  27536               
183  	201  26512.4             
183  	202  25418.5             
183  	203  24280.8             
183  	204  22973.6             
183  	205  21696.8             
183  	206  20483.9             
183  	207  19281.3             
183  	208  18266               
183  	209  17440.5             
183  	210  16820.3             
183  	211  16395.2             
183  	212  16113.3             
183  	213  15945.3             
183  	214  15832.7             
183  	215  15759.7             
183  	216  15684.4             
183  	217  15616               
183  	218  15547.3             
183  	219  15467.5             
183  	220  15394.4             
183  	221  15327.3             
183  	222  15260.3             
183  	223  15196.8             
183  	224  15131.2             
183  	225  15058.5             
183  	226  14993.7             
183  	227  14938.4             
183  	228  14899.6             
183  	229  14874.7             
183  	230  14860.1             
183  	231  14852.2             
183  	232  14847               
183  	233  14843.7             
183  	234  14841.4             
183  	235  14839.6             
183  	236  14838.3             
183  	237  14837.4             
183  	238  14836.6             
183  	239  14835.9             
183  	240  14835.3             
183  	241  14834.9             
183  	242  14834.4             
183  	243  14834.1             
183  	244  14833.7             
183  	245  14833.4             
183  	246  14833.1             
183  	247  14832.8             
183  	248  14832.5             
183  	249  14832.2             
183  	250  14831.8             
183  	251  14831.4             
183  	252  14830.8             
183  	253  14830               
183  	254  14828.9             
183  	255  14974.5             
183  	256  16165.2             
183  	257  16078.2             
183  	258  16173.8             
183  	259  16162               
183  	260  16117.4             
183  	261  16049.7             
183  	262  15976.4             
183  	263  15891.9             
183  	264  15805               
183  	265  15744.1             
183  	266  15644.1             
183  	267  15494.3             
183  	268  15355.4             
183  	269  15185.9             
183  	270  15049.5             
183  	271  14957               
183  	272  14893.9             
183  	273  14861.7             
183  	274  14844.9             
183  	275  14838.4             
183  	276  14835.4             
183  	277  14833.9             
183  	278  14833.4             
183  	279  14833               
183  	280  14832.8             
183  	281  14832.6             
183  	282  14832.5             
183  	283  14832.5             
183  	284  14832.4             
183  	285  14832.4             
183  	286  14832.3             
183  	287  14832.3             
183  	288  14832.3             
183  	289  14832.2             
183  	290  14832.2             
183  	291  14832.2             
183  	292  14832.2             
183  	293  14832.2             
183  	294  14832.1             
183  	295  14832.1             
183  	296  14832.1             
183  	297  14832.1             
183  	298  14832.1             
183  	299  14832.1             
