267  	0    15271.6             
267  	1    15407.5             
267  	2    15595.6             
267  	3    15837.2             
267  	4    16147.1             
267  	5    16567.9             
267  	6    17103.3             
267  	7    17784.5             
267  	8    18665.5             
267  	9    19744.5             
267  	10   21058.1             
267  	11   22557.2             
267  	12   24196.4             
267  	13   25918.8             
267  	14   27254               
267  	15   28195.1             
267  	16   28540.8             
267  	17   27523.9             
267  	18   25812               
267  	19   23500.3             
267  	20   20690.8             
267  	21   18397.4             
267  	22   16698.1             
267  	23   15716.7             
267  	24   15288.7             
267  	25   15180.8             
267  	26   15244               
267  	27   15379.8             
267  	28   15760.7             
267  	29   16811.2             
267  	30   18656               
267  	31   20823.2             
267  	32   20324.8             
267  	33   18792.3             
267  	34   16931.3             
267  	35   16474.9             
267  	36   16613.4             
267  	37   18265.5             
267  	38   18817.3             
267  	39   17802.8             
267  	40   15635.5             
267  	41   16164.4             
267  	42   18037.7             
267  	43   21205.2             
267  	44   16148               
267  	45   15118.8             
267  	46   19880.7             
267  	47   17888.1             
267  	48   16078.4             
267  	49   18120.4             
267  	50   16990.7             
267  	51   16329.9             
267  	52   18072               
267  	53   19205.5             
267  	54   18888.2             
267  	55   16315.5             
267  	56   15220.6             
267  	57   15003.1             
267  	58   15426.1             
267  	59   15752.2             
267  	60   16461.9             
267  	61   19020.8             
267  	62   19568               
267  	63   18482.7             
267  	64   16550               
267  	65   15915.7             
267  	66   15920.3             
267  	67   17614.3             
267  	68   17318.4             
267  	69   16351.4             
267  	70   16511.8             
267  	71   16423.8             
267  	72   16230.6             
267  	73   16211.6             
267  	74   16120.9             
267  	75   16210.8             
267  	76   17768               
267  	77   18152.4             
267  	78   17500.6             
267  	79   17378.6             
267  	80   17382.1             
267  	81   19113               
267  	82   17040.7             
267  	83   16830.9             
267  	84   16709.1             
267  	85   16727.2             
267  	86   16749.2             
267  	87   16774               
267  	88   16736.4             
267  	89   16715.6             
267  	90   16707.6             
267  	91   16679               
267  	92   16636.7             
267  	93   16589.4             
267  	94   16556               
267  	95   16535.6             
267  	96   16528.7             
267  	97   16518.3             
267  	98   16505.1             
267  	99   16487.4             
267  	100  16421.7             
267  	101  16382.5             
267  	102  16361.7             
267  	103  16338.7             
267  	104  16311.7             
267  	105  16279.7             
267  	106  16248.2             
267  	107  16221.4             
267  	108  16186.9             
267  	109  16157.4             
267  	110  16128.9             
267  	111  16101.5             
267  	112  16075.5             
267  	113  16050.9             
267  	114  16027.7             
267  	115  16007.1             
267  	116  15987.6             
267  	117  15969.6             
267  	118  15954.1             
267  	119  15939.6             
267  	120  15926.2             
267  	121  15915               
267  	122  15903.7             
267  	123  15893.2             
267  	124  15883.2             
267  	125  15872.8             
267  	126  15863.5             
267  	127  15854.5             
267  	128  15845.2             
267  	129  15836.4             
267  	130  15827.6             
267  	131  15819.2             
267  	132  15811.2             
267  	133  15803.7             
267  	134  15797               
267  	135  15791.1             
267  	136  15786.2             
267  	137  15782.4             
267  	138  15780               
267  	139  15779.6             
267  	140  15779.8             
267  	141  15782.3             
267  	142  15786.7             
267  	143  15792.9             
267  	144  15801.1             
267  	145  15811.3             
267  	146  15823.3             
267  	147  15836.9             
267  	148  15852.1             
267  	149  15868.7             
267  	150  15886.6             
267  	151  15905.8             
267  	152  15926.2             
267  	153  15948               
267  	154  15971.6             
267  	155  15997.5             
267  	156  16026.1             
267  	157  16058.1             
267  	158  16093.7             
267  	159  16131.9             
267  	160  16170.7             
267  	161  16210               
267  	162  16242.7             
267  	163  16266.1             
267  	164  16282.2             
267  	165  16282.2             
267  	166  16269.9             
267  	167  16249.9             
267  	168  16219.8             
267  	169  16185               
267  	170  16149.1             
267  	171  16112.6             
267  	172  16078.4             
267  	173  16048.4             
267  	174  16027.7             
267  	175  16016.6             
267  	176  16011.2             
267  	177  16007.4             
267  	178  16005.4             
267  	179  16005.9             
267  	180  16017.3             
267  	181  16023.4             
267  	182  16026               
267  	183  16030.3             
267  	184  16039.8             
267  	185  16052.5             
267  	186  16055.5             
267  	187  16060.7             
267  	188  16067.7             
267  	189  16067.3             
267  	190  16072               
267  	191  16080.6             
267  	192  16087               
267  	193  16092.5             
267  	194  16097.6             
267  	195  16105.8             
267  	196  16113.7             
267  	197  16121.9             
267  	198  16133.1             
267  	199  16144.9             
267  	200  16157.1             
267  	201  16171.7             
267  	202  16187               
267  	203  16203               
267  	204  16217.6             
267  	205  16234               
267  	206  16252.3             
267  	207  16270.2             
267  	208  16288.8             
267  	209  16310.1             
267  	210  16330.3             
267  	211  16351.3             
267  	212  16372.8             
267  	213  16394.8             
267  	214  16416.3             
267  	215  16437               
267  	216  16459.1             
267  	217  16481.2             
267  	218  16503.1             
267  	219  16524.9             
267  	220  16545.8             
267  	221  16565.2             
267  	222  16586.9             
267  	223  16608.1             
267  	224  16628.4             
267  	225  16645.4             
267  	226  16662.4             
267  	227  16680.8             
267  	228  16698.2             
267  	229  16714.8             
267  	230  16730.4             
267  	231  16746.5             
267  	232  16761.5             
267  	233  16775.6             
267  	234  16787.5             
267  	235  16798.1             
267  	236  16809.1             
267  	237  16820.3             
267  	238  16830.4             
267  	239  16839.5             
267  	240  16847.5             
267  	241  16855.2             
267  	242  16863.1             
267  	243  16869.4             
267  	244  16875.1             
267  	245  16879.9             
267  	246  16883.2             
267  	247  16885.8             
267  	248  16887.1             
267  	249  16885.8             
267  	250  16883               
267  	251  16874.8             
267  	252  16858.5             
267  	253  16833               
267  	254  16791.4             
267  	255  17043.5             
267  	256  17362.6             
267  	257  17241.4             
267  	258  17187.1             
267  	259  17149.3             
267  	260  17133.3             
267  	261  17122.3             
267  	262  17114               
267  	263  17108.6             
267  	264  17105.3             
267  	265  17103.6             
267  	266  17099.6             
267  	267  17097.6             
267  	268  17097.8             
267  	269  17105.9             
267  	270  17108.5             
267  	271  17106.8             
267  	272  17097.6             
267  	273  17092.5             
267  	274  17089.6             
267  	275  17085.9             
267  	276  17080.3             
267  	277  17074.1             
267  	278  17072               
267  	279  17069.6             
267  	280  17067.1             
267  	281  17064.5             
267  	282  17062.6             
267  	283  17061.2             
267  	284  17060.8             
267  	285  17060.2             
267  	286  17059.2             
267  	287  17058.1             
267  	288  17056.8             
267  	289  17055.3             
267  	290  17054.9             
267  	291  17054.6             
267  	292  17054.4             
267  	293  17053.7             
267  	294  17053.2             
267  	295  17053               
267  	296  17052.6             
267  	297  17052.4             
267  	298  17052.4             
267  	299  17052.2             
