279  	0    15078.7             
279  	1    15152.9             
279  	2    15254.1             
279  	3    15381.7             
279  	4    15542.5             
279  	5    15756.5             
279  	6    16023               
279  	7    16354.5             
279  	8    16773.1             
279  	9    17273.6             
279  	10   17868.6             
279  	11   18532               
279  	12   19242.9             
279  	13   19976.8             
279  	14   20535.7             
279  	15   20923.4             
279  	16   21058.7             
279  	17   20622.4             
279  	18   19892.5             
279  	19   18899.8             
279  	20   17667.4             
279  	21   16623.2             
279  	22   15808               
279  	23   15311.1             
279  	24   15068.7             
279  	25   14989               
279  	26   15010.8             
279  	27   15083.4             
279  	28   15305.7             
279  	29   15874.1             
279  	30   16781.8             
279  	31   17775.4             
279  	32   17538.1             
279  	33   16821.9             
279  	34   15916.7             
279  	35   15683.6             
279  	36   15757               
279  	37   16584.3             
279  	38   16858.5             
279  	39   16375.3             
279  	40   15276               
279  	41   15548.7             
279  	42   16459               
279  	43   17895.8             
279  	44   15522.6             
279  	45   14977.4             
279  	46   17297.2             
279  	47   16383.6             
279  	48   15501.7             
279  	49   16511.7             
279  	50   15956.7             
279  	51   15607.6             
279  	52   16483.3             
279  	53   17003.3             
279  	54   16844.1             
279  	55   15609.2             
279  	56   15043.6             
279  	57   14923.3             
279  	58   15148.4             
279  	59   15326.8             
279  	60   15683.4             
279  	61   16879               
279  	62   17127.1             
279  	63   16646.7             
279  	64   15729.6             
279  	65   15407               
279  	66   15404.4             
279  	67   16236               
279  	68   16087.8             
279  	69   15608.1             
279  	70   15691.4             
279  	71   15648.4             
279  	72   15551.7             
279  	73   15541.3             
279  	74   15500.6             
279  	75   15552.8             
279  	76   16270.1             
279  	77   16432.7             
279  	78   16136.6             
279  	79   16077.1             
279  	80   16073.4             
279  	81   16092               
279  	82   15900.2             
279  	83   15796.8             
279  	84   15735.6             
279  	85   15740.8             
279  	86   15747.8             
279  	87   15755.9             
279  	88   15731.2             
279  	89   15714.1             
279  	90   15702.7             
279  	91   15682.4             
279  	92   15654.6             
279  	93   15623.3             
279  	94   15600.5             
279  	95   15584.7             
279  	96   15576.2             
279  	97   15566.1             
279  	98   15554.7             
279  	99   15541.2             
279  	100  15502.8             
279  	101  15477.6             
279  	102  15463               
279  	103  15448.3             
279  	104  15430.8             
279  	105  15409.7             
279  	106  15391.2             
279  	107  15373.5             
279  	108  15356.6             
279  	109  15340.9             
279  	110  15325.5             
279  	111  15310.2             
279  	112  15762.9             
279  	113  15284.6             
279  	114  15273.2             
279  	115  15263.2             
279  	116  15253.8             
279  	117  15245.3             
279  	118  15237.9             
279  	119  15231.3             
279  	120  15225.3             
279  	121  15220.1             
279  	122  15215.3             
279  	123  15211               
279  	124  15207               
279  	125  15203.3             
279  	126  15199.9             
279  	127  15196.6             
279  	128  15193.5             
279  	129  15190.7             
279  	130  15188               
279  	131  15186.8             
279  	132  15183.3             
279  	133  15181.4             
279  	134  15179.8             
279  	135  15178.8             
279  	136  15178.2             
279  	137  15178.2             
279  	138  15178.8             
279  	139  15180.1             
279  	140  15181.9             
279  	141  15184.6             
279  	142  15188               
279  	143  15191.9             
279  	144  15196.6             
279  	145  15201.9             
279  	146  15207.7             
279  	147  15214               
279  	148  15220.8             
279  	149  15227.9             
279  	150  15235.5             
279  	151  15243.4             
279  	152  15251.9             
279  	153  15260.9             
279  	154  15270.4             
279  	155  15280.7             
279  	156  15291.8             
279  	157  15303.4             
279  	158  15315.8             
279  	159  15327.8             
279  	160  15338.6             
279  	161  15348.6             
279  	162  15355.3             
279  	163  15357.9             
279  	164  15357.6             
279  	165  15352.6             
279  	166  15344               
279  	167  15333.6             
279  	168  15321.6             
279  	169  15309               
279  	170  15296.6             
279  	171  15284.5             
279  	172  15274.1             
279  	173  15265.5             
279  	174  15261.1             
279  	175  15259.1             
279  	176  15258.3             
279  	177  15257.2             
279  	178  15257.6             
279  	179  15259.5             
279  	180  15263.7             
279  	181  15265.1             
279  	182  15264.9             
279  	183  15269.3             
279  	184  15273.8             
279  	185  15278.3             
279  	186  15280.8             
279  	187  15283.3             
279  	188  15285.7             
279  	189  15286.5             
279  	190  15289.8             
279  	191  15294.9             
279  	192  15298.5             
279  	193  15302.1             
279  	194  15305.8             
279  	195  15310.2             
279  	196  15315.3             
279  	197  15320.5             
279  	198  15327.7             
279  	199  15335.1             
279  	200  15342.4             
279  	201  15351               
279  	202  15360               
279  	203  15369.5             
279  	204  15380.2             
279  	205  15390.8             
279  	206  15401               
279  	207  15413.6             
279  	208  15425.6             
279  	209  15436.9             
279  	210  15450.1             
279  	211  15464               
279  	212  15478.4             
279  	213  15492.7             
279  	214  15507.1             
279  	215  15521.4             
279  	216  15535.6             
279  	217  15550.4             
279  	218  15566               
279  	219  15580.8             
279  	220  15596.2             
279  	221  15612.4             
279  	222  15627.5             
279  	223  15642.6             
279  	224  15657.9             
279  	225  15671.6             
279  	226  15685.1             
279  	227  15698.7             
279  	228  15713.3             
279  	229  15727.4             
279  	230  15740               
279  	231  15753.2             
279  	232  15766.1             
279  	233  15777.7             
279  	234  15789.8             
279  	235  15801.5             
279  	236  15812.3             
279  	237  15823.2             
279  	238  15833.8             
279  	239  15843.7             
279  	240  15853.5             
279  	241  15862.7             
279  	242  15873.3             
279  	243  15883.1             
279  	244  15892.6             
279  	245  15902.1             
279  	246  15912               
279  	247  15923.6             
279  	248  15936.1             
279  	249  15950.2             
279  	250  15966.6             
279  	251  15988.1             
279  	252  16024.3             
279  	253  16086.5             
279  	254  16223.5             
279  	255  15983               
279  	256  15800.9             
279  	257  15848.1             
279  	258  15896.7             
279  	259  15924.3             
279  	260  15941               
279  	261  15953.1             
279  	262  15962.4             
279  	263  15969.3             
279  	264  15974.9             
279  	265  15979.7             
279  	266  15983.9             
279  	267  15988.3             
279  	268  15993.8             
279  	269  16005.4             
279  	270  16011               
279  	271  16014.8             
279  	272  16027.8             
279  	273  16033.1             
279  	274  16033.4             
279  	275  16028.6             
279  	276  16022.7             
279  	277  16016.5             
279  	278  16014               
279  	279  16012.2             
279  	280  16010.7             
279  	281  16008.2             
279  	282  16006.4             
279  	283  16005.1             
279  	284  16004.2             
279  	285  16002.5             
279  	286  16000.5             
279  	287  15999.8             
279  	288  15999               
279  	289  15998               
279  	290  15997.3             
279  	291  15996.7             
279  	292  15996.1             
279  	293  15996.1             
279  	294  15994.4             
279  	295  15991.3             
279  	296  15990.9             
279  	297  15990.5             
279  	298  15990.2             
279  	299  15990.2             
