285  	0    14995.4             
285  	1    15044.3             
285  	2    15110.2             
285  	3    15192.6             
285  	4    15295.3             
285  	5    15430.3             
285  	6    15596.3             
285  	7    15800.2             
285  	8    16054               
285  	9    16353.1             
285  	10   16703.5             
285  	11   17088.4             
285  	12   17495.1             
285  	13   17909.7             
285  	14   18221.3             
285  	15   18434.7             
285  	16   18506.4             
285  	17   18259.9             
285  	18   17847.9             
285  	19   17283.4             
285  	20   16571.5             
285  	21   15953.5             
285  	22   15456.9             
285  	23   15142.3             
285  	24   14985.5             
285  	25   14927.1             
285  	26   14939.8             
285  	27   14989               
285  	28   15140.2             
285  	29   15508.2             
285  	30   16068.1             
285  	31   16657.4             
285  	32   16513               
285  	33   16082.7             
285  	34   15526.5             
285  	35   15379.4             
285  	36   15427.6             
285  	37   15946.3             
285  	38   16116.2             
285  	39   15820.8             
285  	40   15125.7             
285  	41   15298.6             
285  	42   15858.7             
285  	43   16708.4             
285  	44   15277.3             
285  	45   14923.7             
285  	46   16354.8             
285  	47   15810.7             
285  	48   15267.5             
285  	49   15898.3             
285  	50   15554.5             
285  	51   15330.9             
285  	52   15881.5             
285  	53   16190.2             
285  	54   16088               
285  	55   15330.5             
285  	56   14969.5             
285  	57   14889.8             
285  	58   15037.5             
285  	59   15155               
285  	60   15379               
285  	61   16103.1             
285  	62   16251.4             
285  	63   15969.6             
285  	64   15409.6             
285  	65   15203.5             
285  	66   15198.8             
285  	67   15719.2             
285  	68   15626.4             
285  	69   15324.9             
285  	70   15381.1             
285  	71   15354.6             
285  	72   15292.9             
285  	73   15285.6             
285  	74   15262.3             
285  	75   15298.6             
285  	76   15731.9             
285  	77   15826.5             
285  	78   15650.2             
285  	79   15613.5             
285  	80   15609.7             
285  	81   15618.1             
285  	82   15498.4             
285  	83   15434.5             
285  	84   15398.3             
285  	85   15400.3             
285  	86   15404               
285  	87   15408.7             
285  	88   15391.7             
285  	89   15379.5             
285  	90   15371.2             
285  	91   15357.6             
285  	92   15338.1             
285  	93   15315.4             
285  	94   15300.6             
285  	95   15290.2             
285  	96   15284.2             
285  	97   15277.1             
285  	98   15269.4             
285  	99   15260.5             
285  	100  15235.2             
285  	101  15218.6             
285  	102  15209               
285  	103  15199.8             
285  	104  15188.8             
285  	105  15175.9             
285  	106  15163.1             
285  	107  15151.2             
285  	108  15140.2             
285  	109  15130.1             
285  	110  15120.3             
285  	111  15111               
285  	112  15102.8             
285  	113  15095.1             
285  	114  15087.9             
285  	115  15081.7             
285  	116  15075.9             
285  	117  15070.6             
285  	118  15066.1             
285  	119  15062               
285  	120  15058.3             
285  	121  15055.1             
285  	122  15052.1             
285  	123  15049.5             
285  	124  15047.1             
285  	125  15044.9             
285  	126  15042.9             
285  	127  15041               
285  	128  15039.3             
285  	129  15037.8             
285  	130  15036.3             
285  	131  15034.9             
285  	132  15033.8             
285  	133  15032.8             
285  	134  15032.2             
285  	135  15031.7             
285  	136  15031.7             
285  	137  15031.9             
285  	138  15032.6             
285  	139  15033.6             
285  	140  15035               
285  	141  15036.9             
285  	142  15039.2             
285  	143  15041.8             
285  	144  15044.9             
285  	145  15048.2             
285  	146  15051.8             
285  	147  15055.8             
285  	148  15059.9             
285  	149  15064.3             
285  	150  15069.1             
285  	151  15074.1             
285  	152  15079.3             
285  	153  15084.9             
285  	154  15090.8             
285  	155  15097               
285  	156  15103.6             
285  	157  15110.3             
285  	158  15117.3             
285  	159  15123.8             
285  	160  15129.4             
285  	161  15134.3             
285  	162  15137.1             
285  	163  15137.3             
285  	164  15136.1             
285  	165  15132.1             
285  	166  15126.5             
285  	167  15120.2             
285  	168  15113.1             
285  	169  15105.7             
285  	170  15098.6             
285  	171  15092               
285  	172  15086.4             
285  	173  15081.7             
285  	174  15079.7             
285  	175  15078.9             
285  	176  15078.8             
285  	177  15078.5             
285  	178  15078.9             
285  	179  15080               
285  	180  15082.1             
285  	181  15082.7             
285  	182  15082.4             
285  	183  15085.7             
285  	184  15088.6             
285  	185  15091               
285  	186  15092.7             
285  	187  15094.1             
285  	188  15095.4             
285  	189  15096.3             
285  	190  15098.4             
285  	191  15101.4             
285  	192  15103.7             
285  	193  15106.1             
285  	194  15108.8             
285  	195  15112               
285  	196  15115               
285  	197  15118               
285  	198  15123               
285  	199  15128               
285  	200  15132.8             
285  	201  15138.2             
285  	202  15144.2             
285  	203  15150.6             
285  	204  15156.8             
285  	205  15163.6             
285  	206  15171.1             
285  	207  15178.5             
285  	208  15186.9             
285  	209  15196.7             
285  	210  15204.6             
285  	211  15213.3             
285  	212  15223               
285  	213  15231.7             
285  	214  15240.8             
285  	215  15250.8             
285  	216  15260.8             
285  	217  15271               
285  	218  15281.3             
285  	219  15292.7             
285  	220  15303.2             
285  	221  15312.3             
285  	222  15322.7             
285  	223  15333               
285  	224  15343.2             
285  	225  15353.9             
285  	226  15364.3             
285  	227  15374               
285  	228  15383.6             
285  	229  15393               
285  	230  15401.9             
285  	231  15411.3             
285  	232  15420.8             
285  	233  15430.3             
285  	234  15438.7             
285  	235  15446.9             
285  	236  15455.1             
285  	237  15462.6             
285  	238  15470.4             
285  	239  15479               
285  	240  15487.1             
285  	241  15495.3             
285  	242  15503.5             
285  	243  15512               
285  	244  15520.7             
285  	245  15529.4             
285  	246  15539.9             
285  	247  15551.5             
285  	248  15564.6             
285  	249  15580.8             
285  	250  15600.6             
285  	251  15628               
285  	252  15676.3             
285  	253  15761.4             
285  	254  15952.6             
285  	255  15614               
285  	256  15390               
285  	257  15422.8             
285  	258  15470.5             
285  	259  15501.6             
285  	260  15521.2             
285  	261  15535.2             
285  	262  15546.1             
285  	263  15553.5             
285  	264  15560               
285  	265  15565.9             
285  	266  15570.1             
285  	267  15573.2             
285  	268  15575.7             
285  	269  15579.5             
285  	270  15587.8             
285  	271  15598.2             
285  	272  15606.4             
285  	273  15611               
285  	274  15613.5             
285  	275  15615               
285  	276  15613.2             
285  	277  15609.7             
285  	278  15608.7             
285  	279  15606.9             
285  	280  15604.9             
285  	281  15604.5             
285  	282  15602.1             
285  	283  15598.5             
285  	284  15595.9             
285  	285  15593.7             
285  	286  15592               
285  	287  15590.2             
285  	288  15589.2             
285  	289  15589               
285  	290  15587.7             
285  	291  15586.8             
285  	292  15586.3             
285  	293  15585.7             
285  	294  15585.2             
285  	295  15584.7             
285  	296  15583.7             
285  	297  15583.1             
285  	298  15582.8             
285  	299  15582.6             
