105  	0    14816.8             
105  	1    14816.9             
105  	2    14816.9             
105  	3    14816.9             
105  	4    14816.9             
105  	5    14816.9             
105  	6    14816.9             
105  	7    14816.9             
105  	8    14816.9             
105  	9    14816.9             
105  	10   14816.9             
105  	11   14817               
105  	12   14817               
105  	13   14817               
105  	14   14817               
105  	15   14817               
105  	16   14817               
105  	17   14817               
105  	18   14817               
105  	19   14816.9             
105  	20   14816.9             
105  	21   14816.9             
105  	22   14816.9             
105  	23   14816.9             
105  	24   14816.8             
105  	25   14816.8             
105  	26   14816.8             
105  	27   14816.9             
105  	28   14816.9             
105  	29   14816.9             
105  	30   14817               
105  	31   14817               
105  	32   14817               
105  	33   14816.9             
105  	34   14816.9             
105  	35   14816.9             
105  	36   14816.9             
105  	37   14817               
105  	38   14817               
105  	39   14817               
105  	40   14816.9             
105  	41   14816.9             
105  	42   14816.9             
105  	43   14816.9             
105  	44   14816.9             
105  	45   14816.8             
105  	46   14816.9             
105  	47   14816.9             
105  	48   14816.9             
105  	49   14816.9             
105  	50   14816.9             
105  	51   14816.9             
105  	52   14817               
105  	53   14817               
105  	54   14816.9             
105  	55   14816.9             
105  	56   14816.8             
105  	57   14816.8             
105  	58   14816.9             
105  	59   14816.9             
105  	60   14816.9             
105  	61   14816.9             
105  	62   14816.9             
105  	63   14817               
105  	64   14816.9             
105  	65   14816.9             
105  	66   14816.9             
105  	67   14816.9             
105  	68   14816.9             
105  	69   14816.9             
105  	70   14816.9             
105  	71   14816.9             
105  	72   14816.9             
105  	73   14816.9             
105  	74   14816.9             
105  	75   14816.9             
105  	76   14816.9             
105  	77   14817               
105  	78   14817               
105  	79   14817               
105  	80   14817               
105  	81   14817               
105  	82   14817.2             
105  	83   14817.3             
105  	84   14817.3             
105  	85   14817.4             
105  	86   14817.5             
105  	87   14817.4             
105  	88   14817.4             
105  	89   14817.4             
105  	90   14817.4             
105  	91   14817.5             
105  	92   14817.5             
105  	93   14817.4             
105  	94   14816.2             
105  	95   14815.6             
105  	96   14815.6             
105  	97   14815.3             
105  	98   14815.2             
105  	99   14815.2             
105  	100  14815.2             
105  	101  14815.3             
105  	102  14815.3             
105  	103  14815.3             
105  	104  14815.3             
105  	105  14815.3             
105  	106  14815.3             
105  	107  14815.3             
105  	108  14815.3             
105  	109  14815.4             
105  	110  14815.4             
105  	111  14815.4             
105  	112  14815.5             
105  	113  14815.5             
105  	114  14815.6             
105  	115  14815.6             
105  	116  14815.7             
105  	117  14815.8             
105  	118  14815.9             
105  	119  14815.9             
105  	120  14816               
105  	121  14816.1             
105  	122  14816.2             
105  	123  14816.3             
105  	124  14816.4             
105  	125  14816.5             
105  	126  14816.6             
105  	127  14816.8             
105  	128  14816.9             
105  	129  14817.1             
105  	130  14817.2             
105  	131  14817.3             
105  	132  14817.5             
105  	133  14817.6             
105  	134  14817.8             
105  	135  14818               
105  	136  14818.2             
105  	137  14818.5             
105  	138  14818.8             
105  	139  14819.1             
105  	140  14819.4             
105  	141  14819.8             
105  	142  14820.2             
105  	143  14820.6             
105  	144  14821               
105  	145  14821.6             
105  	146  14822.2             
105  	147  14822.8             
105  	148  14823.7             
105  	149  14824.5             
105  	150  14825.2             
105  	151  14826.2             
105  	152  14827.3             
105  	153  14828.2             
105  	154  14829.7             
105  	155  14831.3             
105  	156  14832.6             
105  	157  14834.5             
105  	158  14849.2             
105  	159  14839.1             
105  	160  14841.4             
105  	161  14844.1             
105  	162  14847.9             
105  	163  14851.7             
105  	164  14855.6             
105  	165  14859.7             
105  	166  14865               
105  	167  14871               
105  	168  14877.2             
105  	169  14884.1             
105  	170  14892               
105  	171  14902.9             
105  	172  14931.4             
105  	173  14924               
105  	174  14939.9             
105  	175  14956               
105  	176  14973.1             
105  	177  14996.5             
105  	178  15022.8             
105  	179  15051.4             
105  	180  15077.8             
105  	181  15114.7             
105  	182  15160.8             
105  	183  15206               
105  	184  15260.9             
105  	185  15326.1             
105  	186  15408.3             
105  	187  15501.2             
105  	188  15605.6             
105  	189  15725.8             
105  	190  15859.8             
105  	191  16008.7             
105  	192  16178.1             
105  	193  16377.9             
105  	194  16611.4             
105  	195  16882.5             
105  	196  17172.9             
105  	197  17483.3             
105  	198  17859.7             
105  	199  18223.5             
105  	200  18565.8             
105  	201  18894.4             
105  	202  19159.8             
105  	203  19347.8             
105  	204  19226.6             
105  	205  18942.4             
105  	206  18510.1             
105  	207  17761.9             
105  	208  16893.2             
105  	209  16046.1             
105  	210  15378               
105  	211  15107.5             
105  	212  15032.2             
105  	213  15006.3             
105  	214  15035.6             
105  	215  15085.4             
105  	216  15137.9             
105  	217  15188.8             
105  	218  15230.6             
105  	219  15234.8             
105  	220  15183.8             
105  	221  15115.4             
105  	222  15083               
105  	223  15094               
105  	224  15110.6             
105  	225  15089               
105  	226  15004.6             
105  	227  14897.7             
105  	228  14828.8             
105  	229  14814.9             
105  	230  14815.6             
105  	231  14815.8             
105  	232  14815.8             
105  	233  14815.6             
105  	234  14815.2             
105  	235  14815               
105  	236  14815               
105  	237  14815               
105  	238  14815.1             
105  	239  14815.4             
105  	240  14815.4             
105  	241  14815.4             
105  	242  14815.4             
105  	243  14815.3             
105  	244  14815.3             
105  	245  14815.3             
105  	246  14815.3             
105  	247  14815.3             
105  	248  14815.3             
105  	249  14815.3             
105  	250  14815.3             
105  	251  14815.3             
105  	252  14815.3             
105  	253  14815.4             
105  	254  14815.4             
105  	255  14840.1             
105  	256  14882.8             
105  	257  14828               
105  	258  14835.6             
105  	259  14860               
105  	260  14894.9             
105  	261  14945.8             
105  	262  15023.8             
105  	263  15109.7             
105  	264  15227.3             
105  	265  15497.8             
105  	266  15779.6             
105  	267  15853.3             
105  	268  15834.7             
105  	269  15523.9             
105  	270  15203.1             
105  	271  15005.1             
105  	272  14867               
105  	273  14826.5             
105  	274  14815.1             
105  	275  14815.2             
105  	276  14815.3             
105  	277  14815.4             
105  	278  14815.4             
105  	279  14815.4             
105  	280  14815.4             
105  	281  14815.4             
105  	282  14815.4             
105  	283  14815.4             
105  	284  14815.4             
105  	285  14815.4             
105  	286  14815.4             
105  	287  14815.4             
105  	288  14815.4             
105  	289  14815.4             
105  	290  14815.4             
105  	291  14815.4             
105  	292  14815.4             
105  	293  14815.4             
105  	294  14815.4             
105  	295  14815.4             
105  	296  14815.4             
105  	297  14815.4             
105  	298  14815.4             
105  	299  14815.4             
