277  	0    15110.4             
277  	1    15194.5             
277  	2    15309.4             
277  	3    15455               
277  	4    15639               
277  	5    15884.9             
277  	6    16192.2             
277  	7    16576.2             
277  	8    17063.4             
277  	9    17648.6             
277  	10   18347.5             
277  	11   19130.6             
277  	12   19973.3             
277  	13   20846.7             
277  	14   21514.7             
277  	15   21979.6             
277  	16   22143.6             
277  	17   21624.5             
277  	18   20755.5             
277  	19   19576.2             
277  	20   18119.3             
277  	21   16894.1             
277  	22   15947               
277  	23   15373.7             
277  	24   15102.2             
277  	25   15015.1             
277  	26   15041.4             
277  	27   15123.3             
277  	28   15372.2             
277  	29   16019               
277  	30   17069               
277  	31   18233.5             
277  	32   17957.7             
277  	33   17121.7             
277  	34   16072.8             
277  	35   15804.8             
277  	36   15888.4             
277  	37   16841.2             
277  	38   17157.9             
277  	39   16596.4             
277  	40   15333.9             
277  	41   15646.4             
277  	42   16700.6             
277  	43   18387.1             
277  	44   15619.6             
277  	45   14999               
277  	46   17684.2             
277  	47   16614.4             
277  	48   15593.3             
277  	49   16758.5             
277  	50   16117               
277  	51   15718.1             
277  	52   16725.8             
277  	53   17334.9             
277  	54   17152.2             
277  	55   15719.5             
277  	56   15072.1             
277  	57   14936.1             
277  	58   15192               
277  	59   15394.1             
277  	60   15804.3             
277  	61   17198.2             
277  	62   17488.7             
277  	63   16922.3             
277  	64   15856.6             
277  	65   15486.6             
277  	66   15484.6             
277  	67   16443.1             
277  	68   16273.4             
277  	69   15720.8             
277  	70   15815.6             
277  	71   15765.8             
277  	72   15654.8             
277  	73   15643.4             
277  	74   15595.3             
277  	75   15653.2             
277  	76   16490               
277  	77   16682.9             
277  	78   16337.1             
277  	79   16267.3             
277  	80   16263.6             
277  	81   16286.9             
277  	82   16065               
277  	83   15945.6             
277  	84   15875               
277  	85   15881.7             
277  	86   15890.1             
277  	87   15899.7             
277  	88   15872.3             
277  	89   15853.5             
277  	90   15841.3             
277  	91   15818.4             
277  	92   15787.7             
277  	93   15753.3             
277  	94   15728.2             
277  	95   15710.8             
277  	96   15701.3             
277  	97   15690.2             
277  	98   15677.6             
277  	99   15662.5             
277  	100  15618.7             
277  	101  15590.3             
277  	102  15574.7             
277  	103  15557.4             
277  	104  15537.6             
277  	105  15514.1             
277  	106  15493.3             
277  	107  15472.9             
277  	108  15452.9             
277  	109  15434.6             
277  	110  15989.9             
277  	111  15400.3             
277  	112  15384.9             
277  	113  15370.6             
277  	114  15357.5             
277  	115  15345.8             
277  	116  15334.9             
277  	117  15325.1             
277  	118  15316.6             
277  	119  15308.9             
277  	120  15301.9             
277  	121  15295.9             
277  	122  15290.3             
277  	123  15285.2             
277  	124  15280.5             
277  	125  15276.2             
277  	126  15272.1             
277  	127  15268.1             
277  	128  15264.4             
277  	129  15260.9             
277  	130  15257.6             
277  	131  15254.6             
277  	132  15251.8             
277  	133  15249.4             
277  	134  15247.4             
277  	135  15246               
277  	136  15245.1             
277  	137  15244.9             
277  	138  15245.4             
277  	139  15246.6             
277  	140  15248.5             
277  	141  15251.4             
277  	142  15255.2             
277  	143  15259.7             
277  	144  15265               
277  	145  15271.1             
277  	146  15277.8             
277  	147  15285.1             
277  	148  15293               
277  	149  15301.3             
277  	150  15310.1             
277  	151  15319.4             
277  	152  15329.2             
277  	153  15339.7             
277  	154  15350.9             
277  	155  15363               
277  	156  15376.3             
277  	157  15390.1             
277  	158  15404.9             
277  	159  15419.6             
277  	160  15433.2             
277  	161  15445.8             
277  	162  15454.6             
277  	163  15458.7             
277  	164  15459.4             
277  	165  15454               
277  	166  15444.5             
277  	167  15432.6             
277  	168  15418.2             
277  	169  15403               
277  	170  15388.2             
277  	171  15373.4             
277  	172  15360.6             
277  	173  15350.1             
277  	174  15344.2             
277  	175  15341.5             
277  	176  15340.6             
277  	177  15339.3             
277  	178  15339.6             
277  	179  15341.4             
277  	180  15346.4             
277  	181  15348.4             
277  	182  15348.5             
277  	183  15353.2             
277  	184  15358.4             
277  	185  15363.7             
277  	186  15366.7             
277  	187  15369.4             
277  	188  15372.4             
277  	189  15373.3             
277  	190  15414.9             
277  	191  15382.7             
277  	192  15386.5             
277  	193  15390.5             
277  	194  15394.8             
277  	195  15400.3             
277  	196  15406.1             
277  	197  15411.7             
277  	198  15419.6             
277  	199  15427.8             
277  	200  15436.2             
277  	201  15446.1             
277  	202  15457.3             
277  	203  15468.7             
277  	204  15479.7             
277  	205  15491.7             
277  	206  15503.7             
277  	207  15516.5             
277  	208  15529.5             
277  	209  15544.2             
277  	210  15559.6             
277  	211  15575.2             
277  	212  15590.9             
277  	213  15606.2             
277  	214  15621.8             
277  	215  15637.9             
277  	216  15654.2             
277  	217  15670.5             
277  	218  15686.4             
277  	219  15705.6             
277  	220  15723.6             
277  	221  15740               
277  	222  15757.3             
277  	223  15774.5             
277  	224  15791.4             
277  	225  15806               
277  	226  15820.5             
277  	227  15835.3             
277  	228  15851.7             
277  	229  15867               
277  	230  15880.2             
277  	231  15895.4             
277  	232  15910.2             
277  	233  15922.8             
277  	234  15934.3             
277  	235  15946.6             
277  	236  15960.8             
277  	237  15970.7             
277  	238  15980.1             
277  	239  15992               
277  	240  16001.4             
277  	241  16010.9             
277  	242  16022.5             
277  	243  16032.8             
277  	244  16042.4             
277  	245  16051               
277  	246  16061               
277  	247  16071.6             
277  	248  16082.6             
277  	249  16095.1             
277  	250  16110.1             
277  	251  16128.4             
277  	252  16158.5             
277  	253  16209.8             
277  	254  16323.3             
277  	255  16135.4             
277  	256  15992               
277  	257  16034.7             
277  	258  16077.6             
277  	259  16100               
277  	260  16114.2             
277  	261  16125.2             
277  	262  16134.1             
277  	263  16139.8             
277  	264  16144.3             
277  	265  16148.3             
277  	266  16152.3             
277  	267  16156.1             
277  	268  16160.8             
277  	269  16170.5             
277  	270  16177.3             
277  	271  16183.8             
277  	272  16196.4             
277  	273  16202.1             
277  	274  16202.1             
277  	275  16191.1             
277  	276  16184.7             
277  	277  16181               
277  	278  16178.2             
277  	279  16177.3             
277  	280  16177.6             
277  	281  16176.1             
277  	282  16174.3             
277  	283  16173               
277  	284  16168.5             
277  	285  16165.8             
277  	286  16164.5             
277  	287  16162.1             
277  	288  16161               
277  	289  16160.8             
277  	290  16160.4             
277  	291  16160.2             
277  	292  16159.9             
277  	293  16159.9             
277  	294  16159               
277  	295  16157.5             
277  	296  16156.9             
277  	297  16156.4             
277  	298  16156               
277  	299  16155.7             
