37   	0    14816.8             
37   	1    14816.8             
37   	2    14816.8             
37   	3    14816.8             
37   	4    14816.8             
37   	5    14816.8             
37   	6    14816.8             
37   	7    14816.8             
37   	8    14816.8             
37   	9    14816.8             
37   	10   14816.8             
37   	11   14816.8             
37   	12   14816.8             
37   	13   14816.8             
37   	14   14816.8             
37   	15   14816.8             
37   	16   14816.8             
37   	17   14816.8             
37   	18   14816.8             
37   	19   14816.8             
37   	20   14816.8             
37   	21   14816.8             
37   	22   14816.8             
37   	23   14816.8             
37   	24   14816.8             
37   	25   14816.8             
37   	26   14816.8             
37   	27   14816.8             
37   	28   14816.8             
37   	29   14816.8             
37   	30   14816.8             
37   	31   14816.8             
37   	32   14816.8             
37   	33   14816.8             
37   	34   14816.8             
37   	35   14816.8             
37   	36   14816.8             
37   	37   14816.8             
37   	38   14816.8             
37   	39   14816.8             
37   	40   14816.8             
37   	41   14816.8             
37   	42   14816.8             
37   	43   14816.8             
37   	44   14816.8             
37   	45   14816.8             
37   	46   14816.8             
37   	47   14816.8             
37   	48   14816.8             
37   	49   14816.8             
37   	50   14816.8             
37   	51   14816.8             
37   	52   14816.8             
37   	53   14816.8             
37   	54   14816.8             
37   	55   14816.8             
37   	56   14816.8             
37   	57   14816.8             
37   	58   14816.8             
37   	59   14816.8             
37   	60   14816.8             
37   	61   14816.8             
37   	62   14816.8             
37   	63   14816.8             
37   	64   14816.8             
37   	65   14816.8             
37   	66   14816.8             
37   	67   14816.8             
37   	68   14816.8             
37   	69   14816.8             
37   	70   14816.8             
37   	71   14816.8             
37   	72   14816.8             
37   	73   14816.8             
37   	74   14816.8             
37   	75   14816.8             
37   	76   14816.8             
37   	77   14816.8             
37   	78   14816.8             
37   	79   14816.8             
37   	80   14816.8             
37   	81   14816.8             
37   	82   14817.1             
37   	83   14817.2             
37   	84   14817.2             
37   	85   14817.3             
37   	86   14817.4             
37   	87   14817.4             
37   	88   14817.4             
37   	89   14817.4             
37   	90   14817.4             
37   	91   14817.4             
37   	92   14817.4             
37   	93   14817.3             
37   	94   14816               
37   	95   14815.5             
37   	96   14815.5             
37   	97   14815.2             
37   	98   14815               
37   	99   14815               
37   	100  14815.1             
37   	101  14815.1             
37   	102  14815.1             
37   	103  14815               
37   	104  14815               
37   	105  14815               
37   	106  14815               
37   	107  14815               
37   	108  14815               
37   	109  14815               
37   	110  14815               
37   	111  14815               
37   	112  14815               
37   	113  14815               
37   	114  14815               
37   	115  14815               
37   	116  14815               
37   	117  14815               
37   	118  14815               
37   	119  14815               
37   	120  14815               
37   	121  14815.1             
37   	122  14815.1             
37   	123  14815.1             
37   	124  14815               
37   	125  14815               
37   	126  14815               
37   	127  14815.1             
37   	128  14815.1             
37   	129  14815.1             
37   	130  14815.2             
37   	131  14815.2             
37   	132  14815.2             
37   	133  14815.2             
37   	134  14815.3             
37   	135  14815.2             
37   	136  14815.2             
37   	137  14815.3             
37   	138  14815.3             
37   	139  14815.3             
37   	140  14815.3             
37   	141  14815.3             
37   	142  14815.3             
37   	143  14815.3             
37   	144  14815.3             
37   	145  14815.3             
37   	146  14815.3             
37   	147  14815.3             
37   	148  14815.3             
37   	149  14815.3             
37   	150  14815.3             
37   	151  14815.3             
37   	152  14815.3             
37   	153  14815.3             
37   	154  14815.3             
37   	155  14815.3             
37   	156  14815.3             
37   	157  14815.4             
37   	158  14815.4             
37   	159  14815.4             
37   	160  14815.4             
37   	161  14815.4             
37   	162  14815.5             
37   	163  14815.5             
37   	164  14815.5             
37   	165  14815.5             
37   	166  14815.6             
37   	167  14815.6             
37   	168  14815.6             
37   	169  14815.7             
37   	170  14815.7             
37   	171  14815.8             
37   	172  14815.8             
37   	173  14815.8             
37   	174  14815.9             
37   	175  14816               
37   	176  14816               
37   	177  14816.1             
37   	178  14816.2             
37   	179  14816.3             
37   	180  14816.3             
37   	181  14816.4             
37   	182  14816.5             
37   	183  14816.7             
37   	184  14816.8             
37   	185  14816.9             
37   	186  14817.1             
37   	187  14817.2             
37   	188  14817.4             
37   	189  14817.7             
37   	190  14818               
37   	191  14818.2             
37   	192  14818.5             
37   	193  14818.8             
37   	194  14819.3             
37   	195  14819.7             
37   	196  14820.2             
37   	197  14820.7             
37   	198  14821.4             
37   	199  14822.2             
37   	200  14823.1             
37   	201  14823.9             
37   	202  14824.9             
37   	203  14826.3             
37   	204  14827.2             
37   	205  14828               
37   	206  14829               
37   	207  14829.6             
37   	208  14829.3             
37   	209  14828.2             
37   	210  14821.6             
37   	211  14818.5             
37   	212  14818.1             
37   	213  14817.2             
37   	214  14816.5             
37   	215  14816.1             
37   	216  14816.1             
37   	217  14816.2             
37   	218  14816.4             
37   	219  14816.4             
37   	220  14816.5             
37   	221  14816.8             
37   	222  14816.9             
37   	223  14817.4             
37   	224  14817.9             
37   	225  14818.2             
37   	226  14818.5             
37   	227  14818.8             
37   	228  14816.2             
37   	229  14814.9             
37   	230  14815.2             
37   	231  14815.2             
37   	232  14815.3             
37   	233  14815.3             
37   	234  14815.2             
37   	235  14815.2             
37   	236  14815.1             
37   	237  14815.1             
37   	238  14815.1             
37   	239  14815.1             
37   	240  14815.2             
37   	241  14815.2             
37   	242  14815.2             
37   	243  14815.2             
37   	244  14815.2             
37   	245  14815.2             
37   	246  14815.2             
37   	247  14815.2             
37   	248  14815.2             
37   	249  14815.2             
37   	250  14815.2             
37   	251  14815.2             
37   	252  14815.2             
37   	253  14815.2             
37   	254  14815.2             
37   	255  14816.4             
37   	256  14817.8             
37   	257  14815.6             
37   	258  14815.1             
37   	259  14815               
37   	260  14814.9             
37   	261  14814.8             
37   	262  14814.7             
37   	263  14814.6             
37   	264  14814.7             
37   	265  14815               
37   	266  14815.7             
37   	267  14816.3             
37   	268  14817.1             
37   	269  14817.8             
37   	270  14818.1             
37   	271  14818               
37   	272  14816.9             
37   	273  14815.9             
37   	274  14815.1             
37   	275  14815.2             
37   	276  14815.2             
37   	277  14815.2             
37   	278  14815.2             
37   	279  14815.2             
37   	280  14815.2             
37   	281  14815.2             
37   	282  14815.2             
37   	283  14815.2             
37   	284  14815.2             
37   	285  14815.2             
37   	286  14815.2             
37   	287  14815.2             
37   	288  14815.2             
37   	289  14815.2             
37   	290  14815.2             
37   	291  14815.2             
37   	292  14815.2             
37   	293  14815.2             
37   	294  14815.2             
37   	295  14815.2             
37   	296  14815.2             
37   	297  14815.2             
37   	298  14815.2             
37   	299  14815.2             
