161  	0    14818               
161  	1    14818.1             
161  	2    14818.4             
161  	3    14818.6             
161  	4    14818.9             
161  	5    14819.2             
161  	6    14819.5             
161  	7    14819.9             
161  	8    14820.3             
161  	9    14820.8             
161  	10   14821.3             
161  	11   14821.8             
161  	12   14822.2             
161  	13   14822.7             
161  	14   14823               
161  	15   14823.2             
161  	16   14823.2             
161  	17   14822.9             
161  	18   14822.5             
161  	19   14821.8             
161  	20   14821               
161  	21   14820.1             
161  	22   14819.2             
161  	23   14818.5             
161  	24   14818               
161  	25   14817.7             
161  	26   14817.9             
161  	27   14818.3             
161  	28   14819               
161  	29   14820.1             
161  	30   14821.3             
161  	31   14822.1             
161  	32   14821.8             
161  	33   14821               
161  	34   14819.7             
161  	35   14819.4             
161  	36   14819.6             
161  	37   14821.1             
161  	38   14821.5             
161  	39   14820.9             
161  	40   14818.8             
161  	41   14819               
161  	42   14820               
161  	43   14821.4             
161  	44   14818.9             
161  	45   14817.6             
161  	46   14820.6             
161  	47   14820               
161  	48   14819.1             
161  	49   14820.8             
161  	50   14820               
161  	51   14819.4             
161  	52   14821               
161  	53   14821.2             
161  	54   14820.6             
161  	55   14818.7             
161  	56   14817.9             
161  	57   14817.7             
161  	58   14818.5             
161  	59   14818.9             
161  	60   14819.3             
161  	61   14820.4             
161  	62   14820.9             
161  	63   14820.9             
161  	64   14819.8             
161  	65   14819.1             
161  	66   14818.9             
161  	67   14820.5             
161  	68   14820.1             
161  	69   14819.1             
161  	70   14819.8             
161  	71   14819.7             
161  	72   14819.2             
161  	73   14819.2             
161  	74   14819.3             
161  	75   14819.6             
161  	76   14820.8             
161  	77   14821               
161  	78   14820.6             
161  	79   14820.7             
161  	80   14820.7             
161  	81   14820.6             
161  	82   14820.7             
161  	83   14820.6             
161  	84   14820.6             
161  	85   14820.9             
161  	86   14821.1             
161  	87   14821.3             
161  	88   14821.3             
161  	89   14821.3             
161  	90   14821.4             
161  	91   14821.4             
161  	92   14821.4             
161  	93   14821.4             
161  	94   14820.5             
161  	95   14820.3             
161  	96   14820.5             
161  	97   14820.7             
161  	98   14820.9             
161  	99   14821.2             
161  	100  14821.4             
161  	101  14821.8             
161  	102  14822.2             
161  	103  14822.9             
161  	104  14823.5             
161  	105  14824.2             
161  	106  14825.1             
161  	107  14826.1             
161  	108  14827.2             
161  	109  14828.6             
161  	110  14830.3             
161  	111  14832.3             
161  	112  14834.6             
161  	113  14837.4             
161  	114  14840.9             
161  	115  14845.2             
161  	116  14850.1             
161  	117  14855.7             
161  	118  14862.7             
161  	119  14870.7             
161  	120  14880.1             
161  	121  14890.5             
161  	122  14901.8             
161  	123  14913.7             
161  	124  14926               
161  	125  14939.1             
161  	126  14953               
161  	127  14968.5             
161  	128  14984.5             
161  	129  14999.9             
161  	130  15021.5             
161  	131  15043.7             
161  	132  15063.9             
161  	133  15086.7             
161  	134  15113.1             
161  	135  15144.8             
161  	136  15182.8             
161  	137  15224.7             
161  	138  15270               
161  	139  15324.6             
161  	140  15387.3             
161  	141  15461               
161  	142  15539               
161  	143  15624               
161  	144  15719.9             
161  	145  15837.8             
161  	146  15967.3             
161  	147  16097.2             
161  	148  16260.1             
161  	149  16439.2             
161  	150  16616.5             
161  	151  16832               
161  	152  17074.9             
161  	153  17339.5             
161  	154  17627.2             
161  	155  17942               
161  	156  18294.6             
161  	157  18692.8             
161  	158  19129.3             
161  	159  19592.1             
161  	160  20079.5             
161  	161  20604.1             
161  	162  21193.5             
161  	163  21798.6             
161  	164  22437.1             
161  	165  23140.5             
161  	166  23869.4             
161  	167  24631.8             
161  	168  25427.5             
161  	169  26154.6             
161  	170  26864.7             
161  	171  27666.1             
161  	172  28443.8             
161  	173  29188.3             
161  	174  29751               
161  	175  30335.8             
161  	176  30925.4             
161  	177  31409.1             
161  	178  31839.2             
161  	179  32228.3             
161  	180  32555.7             
161  	181  32825.4             
161  	182  33047.6             
161  	183  33191.6             
161  	184  33283               
161  	185  33333               
161  	186  33338.2             
161  	187  33316.9             
161  	188  33273.2             
161  	189  33188.9             
161  	190  33071               
161  	191  32923.2             
161  	192  32709.7             
161  	193  32461.1             
161  	194  32180.9             
161  	195  31797.2             
161  	196  31351.9             
161  	197  30852.1             
161  	198  30181.3             
161  	199  29420.8             
161  	200  28579.8             
161  	201  27497.5             
161  	202  26324.8             
161  	203  25102.7             
161  	204  23610.3             
161  	205  22136.9             
161  	206  20728.1             
161  	207  19290.2             
161  	208  18090.5             
161  	209  17148.9             
161  	210  16517.2             
161  	211  16164               
161  	212  15987.7             
161  	213  15912.3             
161  	214  15877.3             
161  	215  15861.4             
161  	216  15813.7             
161  	217  15754.8             
161  	218  15680.9             
161  	219  15569.7             
161  	220  15466.1             
161  	221  15378.1             
161  	222  15304.5             
161  	223  15240.4             
161  	224  15172.8             
161  	225  15076.2             
161  	226  14981.5             
161  	227  14900.5             
161  	228  14854.6             
161  	229  14833.6             
161  	230  14826.6             
161  	231  14823.9             
161  	232  14822.2             
161  	233  14821.2             
161  	234  14820.6             
161  	235  14820.1             
161  	236  14819.8             
161  	237  14819.6             
161  	238  14819.5             
161  	239  14819.4             
161  	240  14819.3             
161  	241  14819.2             
161  	242  14819.2             
161  	243  14819.1             
161  	244  14819               
161  	245  14819               
161  	246  14818.9             
161  	247  14818.8             
161  	248  14818.8             
161  	249  14818.7             
161  	250  14818.6             
161  	251  14818.6             
161  	252  14818.4             
161  	253  14818.3             
161  	254  14818.1             
161  	255  14904               
161  	256  15307.9             
161  	257  15904.9             
161  	258  16718.9             
161  	259  16719.7             
161  	260  16690.8             
161  	261  16646.8             
161  	262  16589.7             
161  	263  16497.2             
161  	264  16393.5             
161  	265  16343.9             
161  	266  16208.4             
161  	267  15935.9             
161  	268  15686.8             
161  	269  15367.3             
161  	270  15119.4             
161  	271  14969.6             
161  	272  14876               
161  	273  14838.8             
161  	274  14823.7             
161  	275  14820.5             
161  	276  14819.4             
161  	277  14819.1             
161  	278  14819               
161  	279  14818.9             
161  	280  14818.8             
161  	281  14818.8             
161  	282  14818.8             
161  	283  14818.8             
161  	284  14818.7             
161  	285  14818.7             
161  	286  14818.7             
161  	287  14818.7             
161  	288  14818.7             
161  	289  14818.7             
161  	290  14818.7             
161  	291  14818.7             
161  	292  14818.7             
161  	293  14818.7             
161  	294  14818.7             
161  	295  14818.7             
161  	296  14818.7             
161  	297  14818.7             
161  	298  14818.7             
161  	299  14818.7             
