3.275002 	0.191484	1	1	0	0
2.660686 	0.005815	1	1	1	0.609320
1.892323	0.033083	1	1	1	1.377670
1.892323	0.040603	1	1	2	0.768361	0.609320
1.854506	0.002462	1	1	1	1.415801
1.854506	0.006461	1	1	2	0.609320	0.806181
1.726629	0.002775	1	1	1	1.543341 
1.726629	0.028312	1	1	2	0.609320 	0.934057
1.726629	0.000042	1	1	1	0.528000 
1.726629	0.000150	1	1	1	0.268800 
1.608722	0.004708	1	1	1	1.661275 
1.608722  	0.001408	1	1	2	0.609320 	1.051961
1.557031	0.000967	2	1	1	1.103701 
1.557031	0.000667	2	1	1	0.697931 
1.540392	0.027908	1	1	1	1.729596
1.540392	0.144678	1	1	2	0.609320 	1.120295
1.540392	0.002836	1	1	3	0.609320 	0.665447	 0.454790
1.540392	0.000723	1	1	1	0.351900
1.527021	0.001253	1	1	2	1.133661	0.609320 
1.505486	0.150057	0	1	1	1.764492 	
1.505486	0.016026	0	1	2	0.609320 	1.155211
1.505486	0.001300	0	1	2	1.377670 	0.386780
1.505486	0.001596	0	1	3 	0.609320	0.768361	0.386780 	
1.505486	0.000282	0	1	2	1.415801 	0.348920
1.505486	0.000739	0	1	2	0.806181 	0.348920
1.505486	0.000030	0	1	1	0.221000
1.379695	0.000842	1	1	1	1.890321 
1.379695	0.014526	1	1	2	0.609320 	1.280977
1.379695	0.000552	1	1	1	0.615770 
1.181561	0.000435	1	1	1	1.479171 
1.181561	0.000588	1	1	1	0.710711 
1.422558 	0.020309	1	1	1	1.847430 
1.422558 	0.058528	1	1	2	0.609320 	1.238123
1.422558 	0.000281	1	1	1	0.832361
1.422558 	0.000784	1	1	1	0.572780
1.422558 	0.000594	1	1	2	1.377670 	0.469770	
1.422558 	0.000729	1	1	2	0.768361 	0.469770
1.422558 	0.000380	1	1	1	0.304200
1.275361	0.007266	1	0	2	0.609320 	1.385311
1.275361	0.003589	1	0	3	0.609320 	0.665447 	0.719871	
1.275361	0.000312	1	0	1	0.617100 	
1.275361	0.000596	1	0	1	0.333370 
1.275361	0.000036	1	0	1	0.230000 
1.259171	0.000440	1	1	1	2.010821 
1.259171	0.013181	1	1	2	0.609320 	1.401516
1.259171	0.000552	1	1	1	0.633100 
1.259171	0.000173	1	1	1	0.595240 
1.252692	0.000060	1	1	1	2.016701 
1.252692	0.024069	1	1	2	0.609320 	1.407989
1.252692	0.000335	1	1	1	0.639620 
1.252692	0.000067	1	1	1	0.356000 
1.252692	0.000031	1	1	1	0.252800 
1.151468	0.012014	0	1	1	2.118516 
1.151468	0.022043	0	1	2	0.609320 	1.50921		
1.151468	0.000443	0	1	1	0.740761 
1.151468	0.001350	0	1	2	1.415801 	0.703111
1.151468	0.003544	0	1	3	0.609320 	0.806181	0.703111
1.151468	0.000660	0	1	2	1.729596 	0.388890 
1.151468	0.003422	0	1	3	0.609320	1.120295	0.388890
1.151468	0.000067	0	1	2	0.454790	0.388890 
1.151468	0.000017	0	1	2	0.351900 	0.388890
1.122171	0.000131	1	1	1	2.147992 
1.122171	0.003809	1	1	2	0.609320 	1.538531	
1.122171	0.000175	1	1	1	0.873061
1.122171	0.000278	1	1	1	0.769701 	
1.122171	0.000057	1	1	1	0.486700 
1.077464	0.000422	1	1	1	2.192592 	
1.077464	0.007037	1	1	2	0.609320 	1.583205
1.077464	0.000042	1	1	1	0.917701 
1.077464	0.000387	1	1	1	0.814961 
1.077464	0.000570	1	1	1	0.649220 
1.077464	0.000113	1	1	1	0.428070 
1.065912	0.049356	0	1	1	2.204061 
1.065912	0.002665	0	1	2	0.609320 	1.594751
1.065912	0.000653	0	1	2	0.768361 	0.826451
1.065912	0.000532	0	1	2	1.377670 	0.826451
1.065912	0.000133	0	1	1	0.788601 
1.065912	0.000533	0	1	1	0.660940
1.065912	0.000775	0	1	1	0.542830 
1.065912	0.000987	0	1	1	0.474440 
1.065912	0.000508	0	1	1	0.461080 
1.003591	0.000167	1	1	1	2.266532 
1.003591	0.000482	1	1	1	1.657071 
1.003591	0.000104	1	1	1	0.991491 
1.003591	0.000378	1	1	1	0.723081 
1.003591	0.000651	1	1	1	0.536780 
1.003591	0.000182	1	1	1	0.501990 
0.976643	0.000117	1	1	1	0.878031 
0.976643	0.000231	1	1	1	0.915751 
0.976643	0.002152	1	1	2	0.609320 	1.684013
0.976643	0.003083	1	1	1	2.293382 
0.822299	0.015230	0	0	1	2.447702 		
0.822299	0.003442	0	0	2	0.609320 	1.838361 
0.822299	0.000533	0	0	1	1.173001
0.822299	0.001203	0	0	2	1.377670	1.069961
0.822299	0.001477	0	0	3	0.609320 	0.768361	1.069961
0.822299	0.000624	0	0	1	1.032381
0.822299	0.000746	0	0	1	0.904311 
0.822299	0.002345	0	0	2	1.661275 	0.786351
0.822299	0.000701	0	0	2	1.051961 	0.786351
0.822299	0.000457	0	0	1	0.704961 
0.822299	0.000807	0	0	1	0.683231 
0.822299	0.000305	0	0	1	0.452920 
0.787533	0.000022	1	1	1	2.482802
0.787533	0.002114	1	1	2	0.609320 	1.873161
0.787533	0.004450	1	1	3	0.609320	0.665447	1.207681
0.787533	0.000765	1	1	1	1.104711 
0.787533	0.000174	1	1	1	0.939601 
0.787533	0.001223	1	1	2	1.661275	0.821181
0.787533	0.000366	1	1	2	1.051961 	0.821181
0.787533	0.000201	1	1	2	1.729596 	0.752851
0.787533	0.001042	1	1	3	0.609320 	1.120295	0.752851
0.787533	0.000020	1	1	2	0.454790 	0.752851
0.787533	0.000005	1	1	2	0.351900 	0.752851
0.787533	0.000062	1	1	1	0.634720 
0.787533	0.000276	1	1	1	0.487950 
0.787533	0.000124	1	1	1	0.394050 
0.787533	0.000365	1	1	1	0.334780 
0.787533	0.001088	1	1	3	0.609320 	1.599371	0.273800
0.787533	0.000163	1	1	2	0.934101 	0.273800
0.787533 	0.000012	1	1	2	0.547600 	0.273800	
0.764631	0.000057	1	1	1	2.505482
0.764631	0.001494	1	1	2	0.609320 	1.896051
0.764631	0.000084	1	1	1	1.230601 
0.764631	0.000100	1	1	1	0.961621 
0.761831 	0.000434	0	0	1	1.898681 
0.761831 	0.000317	0	0	1	1.130451 
0.761831 	0.000091	0	0	1	0.965001
0.761831 	0.000061	0	0	1	0.496900 
0.761831 	0.000330	0	0	1	0.304200 
0.665320	0.000004	1	1	1	2.604502
0.665320	0.000061	1	1	1	1.994601 
0.665320	0.000765	1	1	1	1.329941 
0.665320	0.000168	1	1	1	1.226701 
0.665320	0.000161	1	1	1	0.943331 
0.665320	0.000092	1	1	1	0.840401 
0.665320	0.000253	1	1	1	0.396020 
0.607690	0.000002	1	1	1	2.662302
0.607690	0.000694	1	1	1	2.052972
0.607690	0.000115	1	1	1	1.284001 
0.607690	0.000388	1	1	1	1.118901 
0.607690	0.000055	1	1	1	0.949801 
0.607690	0.000018	1	1	1	0.651500 
0.575380	0.000318	1	1	1	2.694662 
0.575380	0.000458	1	1	1	2.085192 
0.575380	0.000056	1	1	1	1.419701 
0.575380	0.000848	1	1	1	1.316991
0.575380	0.000212	1	1	1	1.033301 	
0.575380	0.000059	1	1	1	0.952201 
0.575380	0.000271	1	1	1	0.930201	
0.575380	0.000246	1	1	1	0.847161 
0.575380	0.000170	1	1	1	0.699821 
0.575380	0.000059	1	1	1	0.677411 
0.575380	0.000229	1	1	1	0.485920
0.571240	0.000028	1	1	1	2.699262 
0.571240	0.000460	1	1	1	2.089672 
0.571240	0.000046	1	1	1	1.321501 	
0.571240	0.000157	1	1	1	1.155601 
0.571240	0.000085	1	1	1	1.038001 
0.571240	0.000097	1	1	1	0.934501
0.571240	0.000064	1	1	1	0.687601 
0.571240	0.000105	1	1	1	0.494200 		
0.550730	0.000017	0	0	1	2.719332 
0.550730	0.000820	0	0	1	2.109982 
0.550730	0.000208	0	0	1	1.341491 
0.550730	0.000286	0	0	2	1.415801 	1.303751 
0.550730	0.000751	0	0	2	0.806181 	1.303751
0.550730	0.000083	0	0	1	1.058101
0.550730	0.000148	0	0	1	0.976181 
0.550730	0.000117	0	0	1	0.708871 
0.550730	0.000174	0	0	1	0.630800 
0.550730	0.000073	0	0	1	0.600000 
0.541391	0.000069	1	1	1	2.120002
0.541391	0.000252	1	1	1	1.067391
0.541391	0.003227	1	1	2	1.764492	0.964081
0.541391	0.000345	1	1	2	1.155211	0.964081
0.541391	0.000062	1	1	2	0.386780 	0.964081
0.541391	0.000022	1	1	2	0.348920 	0.964081
0.541391	0.000001	1	1	2	0.221000 	0.964081
0.541391	0.000410	1	1	1	0.733811
0.541391	0.000168	1	1	1	0.524600 
0.541391	0.000165	1	1	1	0.519900 
0.541391	0.000673	1	1	1	0.280970

