276  	0    14368.7             
276  	1    14376.1             
276  	2    14373.7             
276  	3    14371.8             
276  	4    14369.9             
276  	5    14368.2             
276  	6    14366.6             
276  	7    14365.2             
276  	8    14364               
276  	9    14362.7             
276  	10   14361.6             
276  	11   14360.6             
276  	12   14359.6             
276  	13   14358.7             
276  	14   14357.9             
276  	15   14357.1             
276  	16   14356.3             
276  	17   14355.5             
276  	18   14354.7             
276  	19   14354.1             
276  	20   14353.4             
276  	21   14352.8             
276  	22   14352.3             
276  	23   14351.9             
276  	24   14351.5             
276  	25   14351               
276  	26   14350.5             
276  	27   14350.1             
276  	28   14349.7             
276  	29   14349.3             
276  	30   14348.9             
276  	31   14348.6             
276  	32   14348.3             
276  	33   14347.9             
276  	34   14347.6             
276  	35   14347.3             
276  	36   14347.1             
276  	37   14346.8             
276  	38   14346.6             
276  	39   14346.3             
276  	40   14346               
276  	41   14345.8             
276  	42   14345.8             
276  	43   14345.4             
276  	44   14345.1             
276  	45   14344.9             
276  	46   14344.7             
276  	47   14344.5             
276  	48   14344.3             
276  	49   14344.2             
276  	50   14344.1             
276  	51   14343.9             
276  	52   14343.7             
276  	53   14343.5             
276  	54   14343.4             
276  	55   14343.2             
276  	56   14343               
276  	57   14343               
276  	58   14342.9             
276  	59   14342.7             
276  	60   14342.5             
276  	61   14342.4             
276  	62   14342.3             
276  	63   14342.2             
276  	64   14342.1             
276  	65   14342               
276  	66   14341.9             
276  	67   14341.8             
276  	68   14341.7             
276  	69   14341.6             
276  	70   14341.5             
276  	71   14341.4             
276  	72   14341.3             
276  	73   14341.2             
276  	74   14341.1             
276  	75   14341               
276  	76   14341               
276  	77   14340.9             
276  	78   14340.9             
276  	79   14340.8             
276  	80   14340.8             
276  	81   14340.7             
276  	82   14340.6             
276  	83   14340.6             
276  	84   14340.5             
276  	85   14340.4             
276  	86   14340.4             
276  	87   14340.3             
276  	88   14340.3             
276  	89   14340.2             
276  	90   14340.1             
276  	91   14340.1             
276  	92   14340.1             
276  	93   14340               
276  	94   14340               
276  	95   14339.9             
276  	96   14339.9             
276  	97   14339.9             
276  	98   14339.8             
276  	99   14339.8             
276  	100  14339.7             
276  	101  14339.7             
276  	102  14339.7             
276  	103  14339.6             
276  	104  14339.6             
276  	105  14339.6             
276  	106  14339.5             
276  	107  14339.5             
276  	108  14339.5             
276  	109  14339.4             
276  	110  14339.4             
276  	111  14339.4             
276  	112  14339.4             
276  	113  14339.4             
276  	114  14339.3             
276  	115  14339.3             
276  	116  14339.3             
276  	117  14339.3             
276  	118  14339.2             
276  	119  14339.2             
276  	120  14339.2             
276  	121  14339.2             
276  	122  14339.2             
276  	123  14339.2             
276  	124  14339.2             
276  	125  14339.2             
276  	126  14339.1             
276  	127  14339.1             
276  	128  14339               
276  	129  14339.1             
276  	130  14339               
276  	131  14339               
276  	132  14339               
276  	133  14339               
276  	134  14339               
276  	135  14339               
276  	136  14339               
276  	137  14339               
276  	138  14339               
276  	139  14338.9             
276  	140  14338.9             
276  	141  14338.9             
276  	142  14338.9             
276  	143  14338.9             
276  	144  14338.9             
276  	145  14338.9             
276  	146  14338.9             
276  	147  14338.9             
276  	148  14338.9             
276  	149  14338.9             
276  	150  14338.9             
276  	151  14338.9             
276  	152  14338.9             
276  	153  14338.9             
276  	154  14338.9             
276  	155  14338.9             
276  	156  14338.9             
276  	157  14338.9             
276  	158  14338.9             
276  	159  14338.9             
276  	160  14338.9             
276  	161  14338.9             
276  	162  14338.9             
276  	163  14338.9             
276  	164  14338.9             
276  	165  14338.9             
276  	166  14338.9             
276  	167  14338.9             
276  	168  14338.8             
276  	169  14338.9             
276  	170  14338.9             
276  	171  14338.9             
276  	172  14338.9             
276  	173  14338.9             
276  	174  14338.9             
276  	175  14338.9             
276  	176  14338.9             
276  	177  14338.9             
276  	178  14338.9             
276  	179  14338.9             
276  	180  14338.9             
276  	181  14338.9             
276  	182  14338.9             
276  	183  14338.9             
276  	184  14338.9             
276  	185  14338.9             
276  	186  14338.9             
276  	187  14338.9             
276  	188  14338.9             
276  	189  14338.9             
276  	190  14338.9             
276  	191  14338.9             
276  	192  14338.9             
276  	193  14339               
276  	194  14339               
276  	195  14339               
276  	196  14339               
276  	197  14339               
276  	198  14339               
276  	199  14339               
276  	200  14339               
276  	201  14339               
276  	202  14339               
276  	203  14339               
276  	204  14339               
276  	205  14339               
276  	206  14339               
276  	207  14339               
276  	208  14339               
276  	209  14339               
276  	210  14339.1             
276  	211  14339.1             
276  	212  14339.1             
276  	213  14339.1             
276  	214  14339.1             
276  	215  14339.1             
276  	216  14339.1             
276  	217  14339.1             
276  	218  14339.1             
276  	219  14339.1             
276  	220  14339.1             
276  	221  14339.1             
276  	222  14339.2             
276  	223  14339.2             
276  	224  14339.2             
276  	225  14339.1             
276  	226  14339.2             
276  	227  14339.2             
276  	228  14339.2             
276  	229  14339.2             
276  	230  14339.2             
276  	231  14339.2             
276  	232  14339.2             
276  	233  14339.3             
276  	234  14339.3             
276  	235  14339.3             
276  	236  14339.3             
276  	237  14339.3             
276  	238  14339.3             
276  	239  14339.3             
276  	240  14339.3             
276  	241  14339.4             
276  	242  14339.3             
276  	243  14339.4             
276  	244  14339.4             
276  	245  14339.4             
276  	246  14339.4             
276  	247  14339.4             
276  	248  14339.4             
276  	249  14339.4             
276  	250  14339.5             
276  	251  14339.5             
276  	252  14339.4             
276  	253  14339.4             
276  	254  14339.4             
276  	255  14339.5             
276  	256  14339.5             
276  	257  14339.5             
276  	258  14339.5             
276  	259  14339.5             
276  	260  14339.5             
276  	261  14339.5             
276  	262  14339.6             
276  	263  14339.6             
276  	264  14339.6             
276  	265  14339.6             
276  	266  14339.6             
276  	267  14339.6             
276  	268  14339.6             
276  	269  14339.6             
276  	270  14339.6             
276  	271  14339.6             
276  	272  14339.7             
276  	273  14339.7             
276  	274  14339.7             
276  	275  14339.7             
276  	276  14339.7             
276  	277  14339.7             
276  	278  14339.7             
276  	279  14339.7             
276  	280  14339.7             
276  	281  14339.8             
276  	282  14339.8             
276  	283  14339.8             
276  	284  14339.8             
276  	285  14339.8             
276  	286  14339.8             
276  	287  14339.8             
276  	288  14339.8             
276  	289  14339.9             
276  	290  14339.9             
276  	291  14339.9             
276  	292  14339.9             
276  	293  14339.9             
276  	294  14339.9             
276  	295  14339.9             
276  	296  14339.9             
276  	297  14339.9             
276  	298  14339.9             
276  	299  14337.6             
