216  	0    14366.9             
216  	1    14373.3             
216  	2    14369.2             
216  	3    14365.8             
216  	4    14362.6             
216  	5    14359.6             
216  	6    14357.1             
216  	7    14354.8             
216  	8    14352.6             
216  	9    14350.7             
216  	10   14348.9             
216  	11   14347.1             
216  	12   14345.5             
216  	13   14344.1             
216  	14   14342.8             
216  	15   14341.5             
216  	16   14340.2             
216  	17   14339               
216  	18   14337.9             
216  	19   14337               
216  	20   14336               
216  	21   14335               
216  	22   14334.2             
216  	23   14333.3             
216  	24   14332.5             
216  	25   14331.9             
216  	26   14331.2             
216  	27   14330.6             
216  	28   14329.9             
216  	29   14329.4             
216  	30   14328.7             
216  	31   14328.2             
216  	32   14327.8             
216  	33   14327.5             
216  	34   14327               
216  	35   14326.4             
216  	36   14325.9             
216  	37   14325.5             
216  	38   14325.1             
216  	39   14324.8             
216  	40   14324.4             
216  	41   14324.1             
216  	42   14323.8             
216  	43   14323.5             
216  	44   14323.1             
216  	45   14322.9             
216  	46   14322.6             
216  	47   14322.3             
216  	48   14322               
216  	49   14321.8             
216  	50   14321.6             
216  	51   14321.3             
216  	52   14321.1             
216  	53   14320.9             
216  	54   14320.6             
216  	55   14320.4             
216  	56   14320.3             
216  	57   14320.1             
216  	58   14319.9             
216  	59   14319.7             
216  	60   14319.5             
216  	61   14319.4             
216  	62   14319.3             
216  	63   14319.1             
216  	64   14319               
216  	65   14318.9             
216  	66   14318.7             
216  	67   14318.6             
216  	68   14318.4             
216  	69   14318.3             
216  	70   14318.2             
216  	71   14318.1             
216  	72   14318               
216  	73   14317.9             
216  	74   14317.8             
216  	75   14317.7             
216  	76   14317.6             
216  	77   14317.5             
216  	78   14317.4             
216  	79   14317.4             
216  	80   14317.3             
216  	81   14317.2             
216  	82   14317.2             
216  	83   14317.2             
216  	84   14317               
216  	85   14316.9             
216  	86   14316.9             
216  	87   14316.8             
216  	88   14316.7             
216  	89   14316.6             
216  	90   14316.5             
216  	91   14316.5             
216  	92   14316.5             
216  	93   14316.5             
216  	94   14316.4             
216  	95   14316.3             
216  	96   14316.3             
216  	97   14316.3             
216  	98   14316.3             
216  	99   14316.3             
216  	100  14316.2             
216  	101  14316.1             
216  	102  14316.1             
216  	103  14316.1             
216  	104  14316.1             
216  	105  14316               
216  	106  14316               
216  	107  14316               
216  	108  14315.9             
216  	109  14315.9             
216  	110  14315.9             
216  	111  14315.9             
216  	112  14315.9             
216  	113  14315.8             
216  	114  14315.9             
216  	115  14315.8             
216  	116  14315.8             
216  	117  14315.8             
216  	118  14315.8             
216  	119  14315.8             
216  	120  14315.8             
216  	121  14315.8             
216  	122  14315.8             
216  	123  14315.8             
216  	124  14315.8             
216  	125  14315.7             
216  	126  14315.7             
216  	127  14315.7             
216  	128  14315.7             
216  	129  14315.7             
216  	130  14315.7             
216  	131  14315.7             
216  	132  14315.8             
216  	133  14315.7             
216  	134  14315.7             
216  	135  14315.8             
216  	136  14315.8             
216  	137  14315.8             
216  	138  14315.8             
216  	139  14315.8             
216  	140  14315.8             
216  	141  14315.8             
216  	142  14315.8             
216  	143  14315.8             
216  	144  14315.8             
216  	145  14315.8             
216  	146  14315.8             
216  	147  14315.8             
216  	148  14315.9             
216  	149  14315.9             
216  	150  14315.9             
216  	151  14315.9             
216  	152  14315.9             
216  	153  14315.9             
216  	154  14315.9             
216  	155  14315.9             
216  	156  14315.9             
216  	157  14315.9             
216  	158  14316               
216  	159  14316               
216  	160  14316               
216  	161  14316               
216  	162  14316.1             
216  	163  14316.1             
216  	164  14316               
216  	165  14316.1             
216  	166  14316.1             
216  	167  14316.1             
216  	168  14316.2             
216  	169  14316.2             
216  	170  14316.2             
216  	171  14316.2             
216  	172  14316.2             
216  	173  14316.3             
216  	174  14316.3             
216  	175  14316.3             
216  	176  14316.3             
216  	177  14316.3             
216  	178  14316.3             
216  	179  14316.4             
216  	180  14316.4             
216  	181  14316.4             
216  	182  14316.5             
216  	183  14316.5             
216  	184  14316.5             
216  	185  14316.5             
216  	186  14316.6             
216  	187  14316.6             
216  	188  14316.6             
216  	189  14316.6             
216  	190  14316.6             
216  	191  14316.7             
216  	192  14316.7             
216  	193  14316.7             
216  	194  14316.7             
216  	195  14316.8             
216  	196  14316.8             
216  	197  14316.8             
216  	198  14316.9             
216  	199  14316.9             
216  	200  14316.9             
216  	201  14316.9             
216  	202  14317               
216  	203  14317               
216  	204  14317               
216  	205  14317.1             
216  	206  14317.1             
216  	207  14317.1             
216  	208  14317.1             
216  	209  14317.1             
216  	210  14317.2             
216  	211  14317.2             
216  	212  14317.2             
216  	213  14317.3             
216  	214  14317.3             
216  	215  14317.3             
216  	216  14317.3             
216  	217  14317.4             
216  	218  14317.4             
216  	219  14317.4             
216  	220  14317.5             
216  	221  14317.5             
216  	222  14317.5             
216  	223  14317.6             
216  	224  14317.6             
216  	225  14317.6             
216  	226  14317.7             
216  	227  14317.7             
216  	228  14317.7             
216  	229  14317.7             
216  	230  14317.8             
216  	231  14317.8             
216  	232  14317.8             
216  	233  14317.9             
216  	234  14398.6             
216  	235  14317.9             
216  	236  14318               
216  	237  14318               
216  	238  14318               
216  	239  14318.1             
216  	240  14318.1             
216  	241  14318.1             
216  	242  14318.2             
216  	243  14318.2             
216  	244  14318.2             
216  	245  14318.2             
216  	246  14318.3             
216  	247  14318.3             
216  	248  14318.4             
216  	249  14318.4             
216  	250  14318.4             
216  	251  14318.4             
216  	252  14318.5             
216  	253  14318.5             
216  	254  14318.5             
216  	255  14318.6             
216  	256  14318.6             
216  	257  14318.6             
216  	258  14318.7             
216  	259  14318.7             
216  	260  14318.7             
216  	261  14318.8             
216  	262  14318.8             
216  	263  14318.8             
216  	264  14318.9             
216  	265  14318.9             
216  	266  14318.9             
216  	267  14319               
216  	268  14319               
216  	269  14319               
216  	270  14319.1             
216  	271  14319.1             
216  	272  14319.1             
216  	273  14319.1             
216  	274  14319.2             
216  	275  14319.2             
216  	276  14319.2             
216  	277  14319.3             
216  	278  14319.3             
216  	279  14319.3             
216  	280  14319.3             
216  	281  14319.4             
216  	282  14319.4             
216  	283  14319.4             
216  	284  14319.5             
216  	285  14319.5             
216  	286  14319.5             
216  	287  14319.6             
216  	288  14319.6             
216  	289  14319.6             
216  	290  14319.7             
216  	291  14319.7             
216  	292  14319.7             
216  	293  14319.8             
216  	294  14319.8             
216  	295  14319.8             
216  	296  14319.9             
216  	297  14319.9             
216  	298  14320               
216  	299  14317.9             
