208  	0    14366.1             
208  	1    14372.2             
208  	2    14367.8             
208  	3    14364               
208  	4    14360.7             
208  	5    14357.7             
208  	6    14354.9             
208  	7    14352.5             
208  	8    14350.3             
208  	9    14348.2             
208  	10   14346.3             
208  	11   14344.4             
208  	12   14342.8             
208  	13   14341.4             
208  	14   14339.9             
208  	15   14338.5             
208  	16   14337.2             
208  	17   14336               
208  	18   14334.9             
208  	19   14333.9             
208  	20   14332.9             
208  	21   14331.9             
208  	22   14330.9             
208  	23   14330               
208  	24   14329.2             
208  	25   14329.1             
208  	26   14327.8             
208  	27   14327.1             
208  	28   14326.5             
208  	29   14326               
208  	30   14325.3             
208  	31   14324.8             
208  	32   14324.2             
208  	33   14323.8             
208  	34   14323.3             
208  	35   14322.9             
208  	36   14322.4             
208  	37   14322               
208  	38   14321.6             
208  	39   14321.1             
208  	40   14320.8             
208  	41   14320.5             
208  	42   14320.2             
208  	43   14319.9             
208  	44   14319.5             
208  	45   14319.2             
208  	46   14318.9             
208  	47   14318.6             
208  	48   14318.4             
208  	49   14318.1             
208  	50   14317.9             
208  	51   14317.6             
208  	52   14317.4             
208  	53   14317.2             
208  	54   14317               
208  	55   14316.8             
208  	56   14316.6             
208  	57   14316.4             
208  	58   14316.2             
208  	59   14316               
208  	60   14315.9             
208  	61   14315.7             
208  	62   14315.5             
208  	63   14315.4             
208  	64   14315.2             
208  	65   14315.1             
208  	66   14315               
208  	67   14314.9             
208  	68   14314.8             
208  	69   14314.6             
208  	70   14314.5             
208  	71   14314.4             
208  	72   14314.3             
208  	73   14314.2             
208  	74   14314.1             
208  	75   14314               
208  	76   14313.9             
208  	77   14313.8             
208  	78   14313.7             
208  	79   14313.7             
208  	80   14313.6             
208  	81   14313.5             
208  	82   14313.4             
208  	83   14313.4             
208  	84   14313.3             
208  	85   14313.3             
208  	86   14313.2             
208  	87   14313.1             
208  	88   14313.1             
208  	89   14313               
208  	90   14313               
208  	91   14312.9             
208  	92   14312.8             
208  	93   14312.8             
208  	94   14312.7             
208  	95   14312.7             
208  	96   14312.7             
208  	97   14312.6             
208  	98   14312.6             
208  	99   14312.6             
208  	100  14312.5             
208  	101  14312.5             
208  	102  14312.5             
208  	103  14312.5             
208  	104  14312.4             
208  	105  14312.4             
208  	106  14312.4             
208  	107  14312.3             
208  	108  14312.3             
208  	109  14312.3             
208  	110  14312.3             
208  	111  14312.2             
208  	112  14312.2             
208  	113  14312.2             
208  	114  14312.2             
208  	115  14312.2             
208  	116  14312.2             
208  	117  14312.2             
208  	118  14312.2             
208  	119  14312.2             
208  	120  14312.2             
208  	121  14312.2             
208  	122  14312.2             
208  	123  14312.2             
208  	124  14312.2             
208  	125  14312.2             
208  	126  14312.2             
208  	127  14312.2             
208  	128  14312.1             
208  	129  14312.1             
208  	130  14312.1             
208  	131  14312.2             
208  	132  14312.2             
208  	133  14312.2             
208  	134  14312.1             
208  	135  14312.2             
208  	136  14312.2             
208  	137  14312.2             
208  	138  14312.3             
208  	139  14312.2             
208  	140  14312.2             
208  	141  14312.2             
208  	142  14312.2             
208  	143  14312.3             
208  	144  14312.2             
208  	145  14312.3             
208  	146  14312.3             
208  	147  14312.3             
208  	148  14312.3             
208  	149  14312.3             
208  	150  14312.3             
208  	151  14312.4             
208  	152  14312.4             
208  	153  14312.4             
208  	154  14312.4             
208  	155  14312.4             
208  	156  14312.4             
208  	157  14312.4             
208  	158  14312.5             
208  	159  14312.5             
208  	160  14312.5             
208  	161  14312.5             
208  	162  14312.5             
208  	163  14312.6             
208  	164  14312.6             
208  	165  14312.6             
208  	166  14312.6             
208  	167  14312.7             
208  	168  14312.7             
208  	169  14312.7             
208  	170  14312.7             
208  	171  14312.8             
208  	172  14312.8             
208  	173  14312.8             
208  	174  14312.8             
208  	175  14312.8             
208  	176  14312.8             
208  	177  14312.9             
208  	178  14312.9             
208  	179  14313               
208  	180  14313               
208  	181  14313               
208  	182  14313               
208  	183  14313.1             
208  	184  14313.1             
208  	185  14313.1             
208  	186  14313.1             
208  	187  14313.2             
208  	188  14313.2             
208  	189  14313.2             
208  	190  14313.3             
208  	191  14313.3             
208  	192  14313.3             
208  	193  14313.3             
208  	194  14313.4             
208  	195  14313.4             
208  	196  14313.4             
208  	197  14313.5             
208  	198  14313.5             
208  	199  14313.5             
208  	200  14313.5             
208  	201  14313.6             
208  	202  14313.6             
208  	203  14313.7             
208  	204  14313.7             
208  	205  14313.7             
208  	206  14313.7             
208  	207  14313.8             
208  	208  14313.8             
208  	209  14313.9             
208  	210  14313.9             
208  	211  14313.9             
208  	212  14313.9             
208  	213  14314               
208  	214  14314               
208  	215  14314               
208  	216  14314.1             
208  	217  14314.1             
208  	218  14314.1             
208  	219  14314.2             
208  	220  14314.2             
208  	221  14314.2             
208  	222  14314.3             
208  	223  14314.3             
208  	224  14314.3             
208  	225  14314.4             
208  	226  14314.4             
208  	227  14314.4             
208  	228  14314.5             
208  	229  14314.5             
208  	230  14314.5             
208  	231  14314.6             
208  	232  14314.6             
208  	233  14314.6             
208  	234  14314.7             
208  	235  14314.7             
208  	236  14314.7             
208  	237  14314.8             
208  	238  14314.8             
208  	239  14314.9             
208  	240  14314.9             
208  	241  14314.9             
208  	242  14315               
208  	243  14315               
208  	244  14315               
208  	245  14315.1             
208  	246  14315.1             
208  	247  14315.1             
208  	248  14315.2             
208  	249  14315.2             
208  	250  14315.2             
208  	251  14315.3             
208  	252  14315.3             
208  	253  14315.4             
208  	254  14315.4             
208  	255  14315.5             
208  	256  14315.5             
208  	257  14315.5             
208  	258  14315.5             
208  	259  14315.6             
208  	260  14315.6             
208  	261  14315.6             
208  	262  14315.7             
208  	263  14315.7             
208  	264  14315.8             
208  	265  14315.8             
208  	266  14315.8             
208  	267  14315.8             
208  	268  14315.9             
208  	269  14315.9             
208  	270  14315.9             
208  	271  14316               
208  	272  14316               
208  	273  14316.1             
208  	274  14316.1             
208  	275  14316.1             
208  	276  14316.2             
208  	277  14316.2             
208  	278  14316.2             
208  	279  14316.3             
208  	280  14316.3             
208  	281  14316.3             
208  	282  14316.4             
208  	283  14316.4             
208  	284  14316.5             
208  	285  14316.5             
208  	286  14316.5             
208  	287  14316.5             
208  	288  14316.6             
208  	289  14316.6             
208  	290  14316.6             
208  	291  14316.7             
208  	292  14316.7             
208  	293  14316.8             
208  	294  14316.8             
208  	295  14316.8             
208  	296  14316.9             
208  	297  14316.9             
208  	298  14317               
208  	299  14315               
