13   	0    14842.7             
13   	1    14836.3             
13   	2    14832.4             
13   	3    14828.3             
13   	4    14825.6             
13   	5    14823.9             
13   	6    14822               
13   	7    14820               
13   	8    14818.6             
13   	9    14817.9             
13   	10   14817.3             
13   	11   14817.1             
13   	12   14816.9             
13   	13   14817.2             
13   	14   14818               
13   	15   14819.2             
13   	16   14820.4             
13   	17   14821.8             
13   	18   14823.7             
13   	19   14825.5             
13   	20   14827.5             
13   	21   14829.9             
13   	22   14832.3             
13   	23   14834.7             
13   	24   14837.2             
13   	25   14839.6             
13   	26   14842               
13   	27   14844.4             
13   	28   14846.6             
13   	29   14848.7             
13   	30   14850.5             
13   	31   14853               
13   	32   14855.5             
13   	33   14857.2             
13   	34   14859               
13   	35   14861               
13   	36   20288.4             
13   	37   20274.8             
13   	38   14866               
13   	39   20218.5             
13   	40   20204               
13   	41   20245.4             
13   	42   14872.4             
13   	43   14873.4             
13   	44   14874               
13   	45   14875               
13   	46   14876.1             
13   	47   14877.1             
13   	48   14878               
13   	49   14878.9             
13   	50   14879.7             
13   	51   14880.3             
13   	52   14880.9             
13   	53   14881.4             
13   	54   14882.1             
13   	55   14882.8             
13   	56   14883.3             
13   	57   14883.4             
13   	58   14883.5             
13   	59   14883.6             
13   	60   14883.6             
13   	61   14883.7             
13   	62   14883.9             
13   	63   14883.8             
13   	64   14884               
13   	65   14884.2             
13   	66   20213.9             
13   	67   20250               
13   	68   14883.4             
13   	69   14883               
13   	70   14882.8             
13   	71   14882.6             
13   	72   14882.2             
13   	73   14881.7             
13   	74   14881.1             
13   	75   14880.6             
13   	76   14880.1             
13   	77   14879.5             
13   	78   14879.2             
13   	79   14878.5             
13   	80   14877.8             
13   	81   14877.3             
13   	82   14876.5             
13   	83   14875.7             
13   	84   14874.9             
13   	85   14874.8             
13   	86   14873.4             
13   	87   20243.5             
13   	88   14875.8             
13   	89   20265.7             
13   	90   20317.1             
13   	91   14869               
13   	92   14872.3             
13   	93   14949.5             
13   	94   20215.3             
13   	95   20239.3             
13   	96   14864.6             
13   	97   14868.9             
13   	98   20198.6             
13   	99   14863               
13   	100  20179.3             
13   	101  14858.9             
13   	102  14859.3             
13   	103  14856.7             
13   	104  20188.6             
13   	105  14854.8             
13   	106  14858.1             
13   	107  14857.8             
13   	108  14854.3             
13   	109  20262.3             
13   	110  14860.9             
13   	111  20200.7             
13   	112  20235.4             
13   	113  20239               
13   	114  14945.4             
13   	115  20198.7             
13   	116  20205.5             
13   	117  20237.1             
13   	118  14840.4             
13   	119  14840.7             
13   	120  14838.5             
13   	121  20309.8             
13   	122  14895               
13   	123  14836.9             
13   	124  14837.8             
13   	125  20235               
13   	126  14831.9             
13   	127  14832.6             
13   	128  14830.2             
13   	129  14901               
13   	130  14910.3             
13   	131  20172               
13   	132  14826.8             
13   	133  14956.7             
13   	134  20195.6             
13   	135  14826.3             
13   	136  20173.5             
13   	137  20169.4             
13   	138  14823.1             
13   	139  14826.3             
13   	140  20174.1             
13   	141  20172.1             
13   	142  14818.2             
13   	143  20185.8             
13   	144  14843.8             
13   	145  20139.9             
13   	146  20156.6             
13   	147  14813.2             
13   	148  20177               
13   	149  20137.1             
13   	150  20177.7             
13   	151  20163.2             
13   	152  14936.1             
13   	153  20170.9             
13   	154  20196.2             
13   	155  14807.1             
13   	156  14806.6             
13   	157  20126.3             
13   	158  20189.4             
13   	159  14805.3             
13   	160  14805               
13   	161  14858.8             
13   	162  14818.5             
13   	163  20136.2             
13   	164  20188.1             
13   	165  20162.1             
13   	166  20133.7             
13   	167  20145.9             
13   	168  20137.5             
13   	169  20142.5             
13   	170  14803.4             
13   	171  20135.7             
13   	172  20146.5             
13   	173  14797.9             
13   	174  14805.5             
13   	175  20120.1             
13   	176  14802.7             
13   	177  14796.7             
13   	178  14795.4             
13   	179  20167.7             
13   	180  20268.2             
13   	181  14810               
13   	182  20159.7             
13   	183  14795.4             
13   	184  20165.1             
13   	185  14793.9             
13   	186  20201.7             
13   	187  20178.3             
13   	188  14792.6             
13   	189  20136.9             
13   	190  14880.5             
13   	191  20174.9             
13   	192  14791.3             
13   	193  14794.2             
13   	194  20138.6             
13   	195  14794               
13   	196  14869.4             
13   	197  14797.1             
13   	198  14893               
13   	199  20203.8             
13   	200  20241.8             
13   	201  20182.7             
13   	202  14791.2             
13   	203  20244.9             
13   	204  20206.8             
13   	205  14789.9             
13   	206  20135.8             
13   	207  20187.5             
13   	208  20102.8             
13   	209  20245.7             
13   	210  20159.5             
13   	211  20285.3             
13   	212  14789.6             
13   	213  14796.6             
13   	214  14789.4             
13   	215  14789.7             
13   	216  20306.5             
13   	217  14790.9             
13   	218  20115.6             
13   	219  14870.4             
13   	220  14803.5             
13   	221  20138.9             
13   	222  14858.9             
13   	223  14789.6             
13   	224  14789.7             
13   	225  14790.6             
13   	226  14791.2             
13   	227  20258.8             
13   	228  14791.7             
13   	229  14802.6             
13   	230  14795.5             
13   	231  20126.4             
13   	232  20117.8             
13   	233  14804.2             
13   	234  20124.9             
13   	235  14790.6             
13   	236  14797.1             
13   	237  20134.8             
13   	238  20320               
13   	239  14791.6             
13   	240  20195.3             
13   	241  20268.3             
13   	242  14791.4             
13   	243  20179               
13   	244  14792.4             
13   	245  20131.5             
13   	246  20205.7             
13   	247  20357.7             
13   	248  14879.9             
13   	249  20149.7             
13   	250  20248.7             
13   	251  20123.9             
13   	252  20166.5             
13   	253  20193.3             
13   	254  20190.7             
13   	255  20161.8             
13   	256  20237.2             
13   	257  20327.6             
13   	258  20119.9             
13   	259  20143.7             
13   	260  14796.7             
13   	261  20186.2             
13   	262  14795.3             
13   	263  20132.2             
13   	264  20324.9             
13   	265  20141.5             
13   	266  20133.6             
13   	267  20149.8             
13   	268  20152.3             
13   	269  14917               
13   	270  14892.7             
13   	271  20139.2             
13   	272  20134.2             
13   	273  20195.4             
13   	274  14798.4             
13   	275  20160.1             
13   	276  20161               
13   	277  14798.6             
13   	278  20316.4             
13   	279  20139.6             
13   	280  20133               
13   	281  14800.9             
13   	282  20258.4             
13   	283  20213               
13   	284  20137.6             
13   	285  20131.9             
13   	286  20166               
13   	287  20108.6             
13   	288  20149.3             
13   	289  20165.8             
13   	290  20192               
13   	291  14828.8             
13   	292  14802               
13   	293  14807.1             
13   	294  20141.2             
13   	295  14804.8             
13   	296  20119.3             
13   	297  20336.3             
13   	298  20149.7             
13   	299  14807.4             
