128  	0    14354.4             
128  	1    14357.1             
128  	2    14350.6             
128  	3    14345.2             
128  	4    14340.4             
128  	5    14336.1             
128  	6    14332.3             
128  	7    14329               
128  	8    14326.1             
128  	9    14323.4             
128  	10   14321               
128  	11   14318.8             
128  	12   14316.9             
128  	13   14315               
128  	14   14313.3             
128  	15   14311.7             
128  	16   14310.3             
128  	17   14309               
128  	18   14307.8             
128  	19   14551.9             
128  	20   14305.5             
128  	21   14304.6             
128  	22   14303.7             
128  	23   14302.9             
128  	24   14302.1             
128  	25   14301.4             
128  	26   14300.7             
128  	27   14300.1             
128  	28   14299.6             
128  	29   14299.1             
128  	30   14298.6             
128  	31   14298.1             
128  	32   14297.7             
128  	33   14297.3             
128  	34   14297               
128  	35   14296.7             
128  	36   14296.3             
128  	37   14296.1             
128  	38   14295.8             
128  	39   14295.6             
128  	40   14295.3             
128  	41   14295.1             
128  	42   14295               
128  	43   14294.8             
128  	44   14294.6             
128  	45   14294.4             
128  	46   14294.3             
128  	47   14294.2             
128  	48   14294.1             
128  	49   14294               
128  	50   14293.9             
128  	51   14293.8             
128  	52   14293.7             
128  	53   14293.6             
128  	54   14293.5             
128  	55   14293.4             
128  	56   14293.4             
128  	57   14293.3             
128  	58   14293.3             
128  	59   14293.2             
128  	60   14293.2             
128  	61   14293.1             
128  	62   14293.1             
128  	63   14293.1             
128  	64   14293.1             
128  	65   14293.1             
128  	66   14293.1             
128  	67   14293               
128  	68   14293               
128  	69   14293               
128  	70   14293               
128  	71   14293               
128  	72   14293               
128  	73   14293               
128  	74   14293               
128  	75   14293               
128  	76   14293               
128  	77   14293               
128  	78   14293               
128  	79   14293               
128  	80   14293               
128  	81   14293               
128  	82   14293               
128  	83   14293               
128  	84   14293               
128  	85   14293               
128  	86   14293.1             
128  	87   14293.1             
128  	88   14293.1             
128  	89   14293.1             
128  	90   14293.1             
128  	91   14293.1             
128  	92   14293.2             
128  	93   14293.2             
128  	94   14293.2             
128  	95   14293.2             
128  	96   14293.3             
128  	97   14293.3             
128  	98   14293.3             
128  	99   14293.3             
128  	100  14293.4             
128  	101  14293.4             
128  	102  14293.4             
128  	103  14293.5             
128  	104  14293.5             
128  	105  14293.5             
128  	106  14293.5             
128  	107  14293.5             
128  	108  14293.6             
128  	109  14293.6             
128  	110  14293.6             
128  	111  14293.7             
128  	112  14293.7             
128  	113  14293.7             
128  	114  14293.8             
128  	115  14293.8             
128  	116  14293.9             
128  	117  14293.9             
128  	118  14293.9             
128  	119  14294               
128  	120  14294               
128  	121  14294               
128  	122  14294.1             
128  	123  14294.1             
128  	124  14294.2             
128  	125  14294.2             
128  	126  14294.3             
128  	127  14294.3             
128  	128  14294.3             
128  	129  14294.4             
128  	130  14294.4             
128  	131  14294.5             
128  	132  14294.5             
128  	133  14294.6             
128  	134  14294.6             
128  	135  14294.7             
128  	136  14294.7             
128  	137  14294.8             
128  	138  14294.8             
128  	139  14294.9             
128  	140  14294.9             
128  	141  14294.9             
128  	142  14295               
128  	143  14295.1             
128  	144  14295.1             
128  	145  14295.1             
128  	146  14295.2             
128  	147  14295.3             
128  	148  14295.3             
128  	149  14295.4             
128  	150  14295.5             
128  	151  14295.5             
128  	152  14295.5             
128  	153  14295.6             
128  	154  14295.6             
128  	155  14295.7             
128  	156  14295.8             
128  	157  14295.9             
128  	158  14295.9             
128  	159  14296               
128  	160  14296               
128  	161  14296.1             
128  	162  14296.2             
128  	163  14296.2             
128  	164  14296.3             
128  	165  14296.3             
128  	166  14296.4             
128  	167  14296.5             
128  	168  14296.5             
128  	169  14296.7             
128  	170  14296.8             
128  	171  14296.7             
128  	172  14296.8             
128  	173  14296.9             
128  	174  14297               
128  	175  14297               
128  	176  14297.1             
128  	177  14297.2             
128  	178  14297.2             
128  	179  14297.3             
128  	180  14297.4             
128  	181  14297.5             
128  	182  14297.5             
128  	183  14297.6             
128  	184  14297.7             
128  	185  14297.7             
128  	186  14297.8             
128  	187  14297.8             
128  	188  14297.9             
128  	189  14298               
128  	190  14298.1             
128  	191  14298.2             
128  	192  14298.3             
128  	193  14298.3             
128  	194  14298.4             
128  	195  14298.5             
128  	196  14298.5             
128  	197  14298.6             
128  	198  14298.7             
128  	199  14298.8             
128  	200  14298.9             
128  	201  14299               
128  	202  14299.1             
128  	203  14299.1             
128  	204  14299.2             
128  	205  14299.3             
128  	206  14299.3             
128  	207  14299.4             
128  	208  14299.5             
128  	209  14299.6             
128  	210  14299.6             
128  	211  14299.7             
128  	212  14299.8             
128  	213  14299.9             
128  	214  14300               
128  	215  14300               
128  	216  14300.1             
128  	217  14300.2             
128  	218  14300.3             
128  	219  14300.4             
128  	220  14300.5             
128  	221  14300.6             
128  	222  14300.6             
128  	223  14300.7             
128  	224  14300.8             
128  	225  14300.9             
128  	226  14301               
128  	227  14301.1             
128  	228  14301.2             
128  	229  14301.3             
128  	230  14301.3             
128  	231  14301.4             
128  	232  14301.5             
128  	233  14301.6             
128  	234  14301.7             
128  	235  14301.8             
128  	236  14301.9             
128  	237  14301.9             
128  	238  14302               
128  	239  14302.1             
128  	240  14302.2             
128  	241  14302.3             
128  	242  14302.4             
128  	243  14302.5             
128  	244  14302.6             
128  	245  14302.6             
128  	246  14302.7             
128  	247  14302.8             
128  	248  14302.9             
128  	249  14303               
128  	250  14303.1             
128  	251  14303.1             
128  	252  14303.2             
128  	253  14303.3             
128  	254  14303.4             
128  	255  14303.5             
128  	256  14303.6             
128  	257  14303.7             
128  	258  14303.7             
128  	259  14303.8             
128  	260  14303.9             
128  	261  14304               
128  	262  14304.1             
128  	263  14304.2             
128  	264  14304.3             
128  	265  14304.4             
128  	266  14304.5             
128  	267  14304.6             
128  	268  14304.7             
128  	269  14304.8             
128  	270  14304.9             
128  	271  14304.9             
128  	272  14305               
128  	273  14305.1             
128  	274  14305.2             
128  	275  14305.3             
128  	276  14305.4             
128  	277  14305.5             
128  	278  14305.5             
128  	279  14305.6             
128  	280  14305.7             
128  	281  14305.8             
128  	282  14305.9             
128  	283  14306               
128  	284  14306.1             
128  	285  14306.1             
128  	286  14306.2             
128  	287  14306.3             
128  	288  14306.4             
128  	289  14306.5             
128  	290  14306.6             
128  	291  14306.7             
128  	292  14306.8             
128  	293  14306.8             
128  	294  14307               
128  	295  14307.1             
128  	296  14307.1             
128  	297  14307.2             
128  	298  14307.3             
128  	299  14306.5             
