22   	0    14715.1             
22   	1    14709.9             
22   	2    14706.5             
22   	3    14703.8             
22   	4    14701.3             
22   	5    14699.4             
22   	6    14697.4             
22   	7    14696.2             
22   	8    14695.6             
22   	9    14694.6             
22   	10   14693.7             
22   	11   14693.3             
22   	12   14693.7             
22   	13   14693.8             
22   	14   14694.1             
22   	15   14694.6             
22   	16   14695.8             
22   	17   14697.3             
22   	18   14698.7             
22   	19   14700.3             
22   	20   14702               
22   	21   14703.8             
22   	22   14705.5             
22   	23   21015.7             
22   	24   14709.1             
22   	25   20058.1             
22   	26   14713.4             
22   	27   14715.6             
22   	28   14717.4             
22   	29   14719.2             
22   	30   14721.1             
22   	31   14722.9             
22   	32   14724.7             
22   	33   14726.5             
22   	34   14728.1             
22   	35   14729.6             
22   	36   14731.2             
22   	37   14732.7             
22   	38   14734.1             
22   	39   14735               
22   	40   14736.3             
22   	41   14737.7             
22   	42   14739               
22   	43   14740.1             
22   	44   14741.2             
22   	45   14742.2             
22   	46   14743.2             
22   	47   14744.3             
22   	48   14744.8             
22   	49   14745.8             
22   	50   14746.8             
22   	51   14747.3             
22   	52   14748               
22   	53   14748.7             
22   	54   14749.4             
22   	55   14749.9             
22   	56   14750.2             
22   	57   14750.6             
22   	58   14750.8             
22   	59   14750.9             
22   	60   14751.3             
22   	61   14751.6             
22   	62   14751.8             
22   	63   14751.8             
22   	64   14752               
22   	65   14752.2             
22   	66   14752.2             
22   	67   14752.2             
22   	68   14752.2             
22   	69   14752.2             
22   	70   14752               
22   	71   14751.7             
22   	72   14751.6             
22   	73   14751.6             
22   	74   14751.6             
22   	75   14751.1             
22   	76   14750.8             
22   	77   14750.5             
22   	78   14750.3             
22   	79   14750.1             
22   	80   14749.8             
22   	81   14749.2             
22   	82   14748.6             
22   	83   14748.1             
22   	84   14747.6             
22   	85   14747.1             
22   	86   14746.6             
22   	87   14746.1             
22   	88   14745.7             
22   	89   14745.2             
22   	90   14744.7             
22   	91   22355.1             
22   	92   14743.2             
22   	93   20105.3             
22   	94   14742               
22   	95   20107.9             
22   	96   14740.7             
22   	97   14740.1             
22   	98   20093.5             
22   	99   14738.7             
22   	100  14738               
22   	101  14737.3             
22   	102  14736.9             
22   	103  14736.2             
22   	104  22357               
22   	105  14734.7             
22   	106  22366.3             
22   	107  14733               
22   	108  20092.9             
22   	109  20060               
22   	110  22353.5             
22   	111  20063.4             
22   	112  20056.7             
22   	113  20090.8             
22   	114  20082.1             
22   	115  20064.4             
22   	116  20140.6             
22   	117  20053.3             
22   	118  20089.3             
22   	119  20056.5             
22   	120  20083.5             
22   	121  20142.4             
22   	122  20050.2             
22   	123  20087.4             
22   	124  20070.1             
22   	125  20121.7             
22   	126  20069               
22   	127  20054.7             
22   	128  20037.9             
22   	129  20037.3             
22   	130  20042.2             
22   	131  20132.1             
22   	132  20075.1             
22   	133  20075.9             
22   	134  20062.2             
22   	135  20067.6             
22   	136  20069.9             
22   	137  20073.6             
22   	138  20159.2             
22   	139  20058.7             
22   	140  20040.9             
22   	141  20053               
22   	142  20119.2             
22   	143  20064.6             
22   	144  20036               
22   	145  20124.8             
22   	146  20025               
22   	147  20061.9             
22   	148  20029.6             
22   	149  20056.6             
22   	150  20060.3             
22   	151  20032.1             
22   	152  20035.2             
22   	153  20054.8             
22   	154  20029.6             
22   	155  17218.7             
22   	156  20055.8             
22   	157  20038               
22   	158  14705.7             
22   	159  14701.1             
22   	160  20053.6             
22   	161  20071.1             
22   	162  14700.1             
22   	163  14699               
22   	164  14698.6             
22   	165  20074.1             
22   	166  20048.6             
22   	167  20048               
22   	168  20029.9             
22   	169  20067.9             
22   	170  14696.7             
22   	171  14697.3             
22   	172  20056.9             
22   	173  14697.8             
22   	174  20041.6             
22   	175  14708.2             
22   	176  14697.6             
22   	177  14700.8             
22   	178  14766.8             
22   	179  20103.1             
22   	180  20048               
22   	181  14693.9             
22   	182  14695.6             
22   	183  20111.2             
22   	184  14695.7             
22   	185  20078.8             
22   	186  14707.9             
22   	187  20080               
22   	188  14694.3             
22   	189  20210.5             
22   	190  20034.1             
22   	191  20056.3             
22   	192  20024.8             
22   	193  14693.1             
22   	194  14693               
22   	195  14692.4             
22   	196  14742.1             
22   	197  14692.8             
22   	198  14693.1             
22   	199  20090.7             
22   	200  14692.5             
22   	201  20051.7             
22   	202  20065               
22   	203  20249.7             
22   	204  14691.8             
22   	205  14704.7             
22   	206  20041.4             
22   	207  20067.9             
22   	208  20044.5             
22   	209  14691.7             
22   	210  20196.7             
22   	211  20072               
22   	212  20105.9             
22   	213  20052.8             
22   	214  20225.6             
22   	215  14691.9             
22   	216  14694.3             
22   	217  20269.7             
22   	218  14692.2             
22   	219  20094.9             
22   	220  20116               
22   	221  20103.3             
22   	222  14768.5             
22   	223  14756.8             
22   	224  20039.8             
22   	225  20155.7             
22   	226  14697.2             
22   	227  14719               
22   	228  14693.6             
22   	229  14753.6             
22   	230  14749.6             
22   	231  20067.4             
22   	232  14756.2             
22   	233  20046               
22   	234  20036.7             
22   	235  14694               
22   	236  14696.3             
22   	237  20016.7             
22   	238  14693.7             
22   	239  14695               
22   	240  14694.9             
22   	241  20132.7             
22   	242  20131.9             
22   	243  20036               
22   	244  20090.1             
22   	245  14694.7             
22   	246  14696.4             
22   	247  20089.9             
22   	248  14695.9             
22   	249  20020.6             
22   	250  20135.1             
22   	251  20105.6             
22   	252  20043.4             
22   	253  14697.9             
22   	254  20126               
22   	255  20006.2             
22   	256  20031.6             
22   	257  14700.3             
22   	258  20101.6             
22   	259  14701.1             
22   	260  14757.5             
22   	261  14697.8             
22   	262  20070.5             
22   	263  14712               
22   	264  20062.3             
22   	265  14702.4             
22   	266  20158.2             
22   	267  20095.5             
22   	268  14700               
22   	269  14757.8             
22   	270  20074.5             
22   	271  14700.5             
22   	272  20097.5             
22   	273  20057.1             
22   	274  20103.9             
22   	275  20059.7             
22   	276  20058.7             
22   	277  20091.8             
22   	278  14757.7             
22   	279  20141.5             
22   	280  20115.6             
22   	281  20045.3             
22   	282  20046.3             
22   	283  14708               
22   	284  14713.2             
22   	285  14717.6             
22   	286  14710.9             
22   	287  14708.7             
22   	288  14736.7             
22   	289  20060.6             
22   	290  14710.6             
22   	291  20052.6             
22   	292  20040.9             
22   	293  20022.6             
22   	294  14713.5             
22   	295  20051.5             
22   	296  20094.7             
22   	297  20223.5             
22   	298  20274.6             
22   	299  20097.5             
