199  	0    14364.9             
199  	1    14372.3             
199  	2    14366               
199  	3    14362.1             
199  	4    14358.6             
199  	5    14355.3             
199  	6    14352.4             
199  	7    14349.8             
199  	8    14347.4             
199  	9    14345.3             
199  	10   14343.3             
199  	11   14341.4             
199  	12   14339.6             
199  	13   14338               
199  	14   14336.5             
199  	15   14335               
199  	16   14333.7             
199  	17   14332.5             
199  	18   14331.3             
199  	19   14330.2             
199  	20   14329.2             
199  	21   14328.1             
199  	22   14327.1             
199  	23   14326.2             
199  	24   14325.4             
199  	25   14324.6             
199  	26   14323.9             
199  	27   14323.1             
199  	28   14322.5             
199  	29   14321.9             
199  	30   14321.2             
199  	31   14320.7             
199  	32   14320.2             
199  	33   14319.7             
199  	34   14319.2             
199  	35   14318.7             
199  	36   14318.3             
199  	37   14318               
199  	38   14317.4             
199  	39   14317.1             
199  	40   14316.7             
199  	41   14316.3             
199  	42   14316               
199  	43   14315.7             
199  	44   14315.3             
199  	45   14315.1             
199  	46   14314.7             
199  	47   14314.5             
199  	48   14314.2             
199  	49   14313.9             
199  	50   14313.7             
199  	51   14313.4             
199  	52   14313.2             
199  	53   14312.9             
199  	54   14312.8             
199  	55   14312.6             
199  	56   14312.3             
199  	57   14312.1             
199  	58   14312               
199  	59   14311.8             
199  	60   14311.7             
199  	61   14311.5             
199  	62   14311.3             
199  	63   14311.2             
199  	64   14311.1             
199  	65   14310.9             
199  	66   14310.8             
199  	67   14310.7             
199  	68   14310.6             
199  	69   14310.4             
199  	70   14310.3             
199  	71   14310.2             
199  	72   14310.1             
199  	73   14310               
199  	74   14309.9             
199  	75   14309.8             
199  	76   14309.7             
199  	77   14309.6             
199  	78   14309.6             
199  	79   14309.5             
199  	80   14309.4             
199  	81   14309.3             
199  	82   14309.3             
199  	83   14309.2             
199  	84   14309.1             
199  	85   14309.1             
199  	86   14309               
199  	87   14309               
199  	88   14308.9             
199  	89   14308.8             
199  	90   14308.8             
199  	91   14308.7             
199  	92   14308.7             
199  	93   14308.7             
199  	94   14308.6             
199  	95   14308.6             
199  	96   14308.5             
199  	97   14308.5             
199  	98   14308.5             
199  	99   14308.5             
199  	100  14308.4             
199  	101  14308.4             
199  	102  14308.4             
199  	103  14308.3             
199  	104  14308.3             
199  	105  14308.3             
199  	106  14308.3             
199  	107  14308.3             
199  	108  14308.2             
199  	109  14308.2             
199  	110  14308.2             
199  	111  14308.2             
199  	112  14308.2             
199  	113  14308.2             
199  	114  14308.2             
199  	115  14308.2             
199  	116  14308.1             
199  	117  14308.1             
199  	118  14308.1             
199  	119  14308.1             
199  	120  14308.1             
199  	121  14308.1             
199  	122  14308.1             
199  	123  14308.1             
199  	124  14308.1             
199  	125  14308.1             
199  	126  14308.1             
199  	127  14308.1             
199  	128  14308.1             
199  	129  14308.1             
199  	130  14308.1             
199  	131  14308.1             
199  	132  14308.2             
199  	133  14308.2             
199  	134  14308.2             
199  	135  14308.2             
199  	136  14308.2             
199  	137  14308.2             
199  	138  14308.2             
199  	139  14308.2             
199  	140  14308.3             
199  	141  14308.3             
199  	142  14308.3             
199  	143  14308.3             
199  	144  14308.3             
199  	145  14308.3             
199  	146  14308.3             
199  	147  14308.4             
199  	148  14308.4             
199  	149  14308.4             
199  	150  14308.4             
199  	151  14308.4             
199  	152  14308.5             
199  	153  14308.5             
199  	154  14308.5             
199  	155  14308.5             
199  	156  14308.5             
199  	157  14308.6             
199  	158  14308.6             
199  	159  14308.6             
199  	160  14308.6             
199  	161  14308.6             
199  	162  14308.7             
199  	163  14308.7             
199  	164  14308.7             
199  	165  14308.7             
199  	166  14308.8             
199  	167  14308.8             
199  	168  14308.8             
199  	169  14308.9             
199  	170  14308.9             
199  	171  14308.9             
199  	172  14308.9             
199  	173  14308.9             
199  	174  14309               
199  	175  14309               
199  	176  14309               
199  	177  14309.1             
199  	178  14309.1             
199  	179  14309.1             
199  	180  14309.2             
199  	181  14309.2             
199  	182  14309.2             
199  	183  14309.3             
199  	184  14309.3             
199  	185  14309.3             
199  	186  14309.3             
199  	187  14309.4             
199  	188  14309.4             
199  	189  14309.4             
199  	190  14309.5             
199  	191  14309.5             
199  	192  14309.6             
199  	193  14309.6             
199  	194  14309.6             
199  	195  14309.6             
199  	196  14309.7             
199  	197  14309.7             
199  	198  14309.8             
199  	199  14309.8             
199  	200  14309.8             
199  	201  14309.9             
199  	202  14309.9             
199  	203  14310               
199  	204  14310               
199  	205  14310               
199  	206  14310               
199  	207  14310.1             
199  	208  14310.1             
199  	209  14310.1             
199  	210  14310.2             
199  	211  14310.2             
199  	212  14310.3             
199  	213  14310.3             
199  	214  14310.3             
199  	215  14310.4             
199  	216  14310.4             
199  	217  14310.4             
199  	218  14310.5             
199  	219  14310.5             
199  	220  14310.6             
199  	221  14310.6             
199  	222  14310.6             
199  	223  14310.6             
199  	224  14310.7             
199  	225  14310.8             
199  	226  14310.8             
199  	227  14310.8             
199  	228  14310.9             
199  	229  14310.9             
199  	230  14310.9             
199  	231  14311               
199  	232  14311               
199  	233  14311               
199  	234  14311.1             
199  	235  14311.1             
199  	236  14311.2             
199  	237  14311.2             
199  	238  14311.2             
199  	239  14311.3             
199  	240  14311.4             
199  	241  14311.4             
199  	242  14311.4             
199  	243  14311.4             
199  	244  14311.5             
199  	245  14311.5             
199  	246  14311.6             
199  	247  14311.6             
199  	248  14311.6             
199  	249  14311.7             
199  	250  14311.7             
199  	251  14311.8             
199  	252  14311.8             
199  	253  14311.8             
199  	254  14311.9             
199  	255  14311.9             
199  	256  14312               
199  	257  14312               
199  	258  14312               
199  	259  14312.1             
199  	260  14312.1             
199  	261  14312.2             
199  	262  14312.2             
199  	263  14312.3             
199  	264  14312.3             
199  	265  14312.3             
199  	266  14312.4             
199  	267  14312.4             
199  	268  14312.5             
199  	269  14312.5             
199  	270  14312.5             
199  	271  14312.6             
199  	272  14312.6             
199  	273  14312.6             
199  	274  14312.7             
199  	275  14312.8             
199  	276  14312.8             
199  	277  14312.8             
199  	278  14312.8             
199  	279  14312.9             
199  	280  14312.9             
199  	281  14313               
199  	282  14313               
199  	283  14313.1             
199  	284  14313.1             
199  	285  14313.1             
199  	286  14313.2             
199  	287  14313.2             
199  	288  14313.3             
199  	289  14313.3             
199  	290  14313.3             
199  	291  14313.4             
199  	292  14313.4             
199  	293  14313.5             
199  	294  14313.5             
199  	295  14313.5             
199  	296  14313.6             
199  	297  14313.6             
199  	298  14313.7             
199  	299  14311.7             
