80   	0    14385.8             
80   	1    14385.6             
80   	2    14379.8             
80   	3    14375               
80   	4    14371               
80   	5    14367.4             
80   	6    14364.4             
80   	7    14361.7             
80   	8    14359.5             
80   	9    14357.4             
80   	10   14355.6             
80   	11   14354               
80   	12   14352.6             
80   	13   14351.5             
80   	14   14350.6             
80   	15   14349.8             
80   	16   14348.9             
80   	17   14348.1             
80   	18   14347.8             
80   	19   14347.5             
80   	20   14347.2             
80   	21   14346.8             
80   	22   14346.6             
80   	23   14346.5             
80   	24   14346.4             
80   	25   14346.5             
80   	26   14346.5             
80   	27   14346.6             
80   	28   14346.6             
80   	29   14346.6             
80   	30   14346.9             
80   	31   14347.1             
80   	32   14347.3             
80   	33   14347.5             
80   	34   14347.5             
80   	35   14347.6             
80   	36   14348.1             
80   	37   14348.4             
80   	38   14348.6             
80   	39   14348.8             
80   	40   14349               
80   	41   14349.3             
80   	42   14349.7             
80   	43   14349.9             
80   	44   14350.1             
80   	45   14350.3             
80   	46   14350.7             
80   	47   14351               
80   	48   14351.2             
80   	49   14351.5             
80   	50   14351.8             
80   	51   14352               
80   	52   14352.2             
80   	53   14352.5             
80   	54   14352.7             
80   	55   14353               
80   	56   14353.3             
80   	57   14353.2             
80   	58   14353.6             
80   	59   14353.9             
80   	60   14353.8             
80   	61   14354.1             
80   	62   14354.4             
80   	63   14354.4             
80   	64   14354.6             
80   	65   14354.9             
80   	66   14355.1             
80   	67   14355.3             
80   	68   14355.3             
80   	69   14355.4             
80   	70   14355.5             
80   	71   14355.7             
80   	72   14355.8             
80   	73   14356.1             
80   	74   14356.2             
80   	75   14356.3             
80   	76   14356.3             
80   	77   14356.5             
80   	78   14356.7             
80   	79   14356.8             
80   	80   14356.9             
80   	81   14357               
80   	82   14357.1             
80   	83   14357               
80   	84   14357.1             
80   	85   14357.3             
80   	86   14357.2             
80   	87   14357.3             
80   	88   14357.3             
80   	89   14357.4             
80   	90   14357.6             
80   	91   14357.6             
80   	92   14357.6             
80   	93   14357.6             
80   	94   14357.6             
80   	95   14357.7             
80   	96   14357.8             
80   	97   14357.9             
80   	98   14358.1             
80   	99   14358               
80   	100  14358               
80   	101  14358.1             
80   	102  14358               
80   	103  14358.1             
80   	104  14358.1             
80   	105  14358.3             
80   	106  14358.2             
80   	107  14358               
80   	108  14358.1             
80   	109  14358.1             
80   	110  14358.1             
80   	111  14358               
80   	112  14358.1             
80   	113  14358.1             
80   	114  14358               
80   	115  14358.1             
80   	116  14358.2             
80   	117  14358.2             
80   	118  14358.2             
80   	119  14358.1             
80   	120  14358.2             
80   	121  14358.2             
80   	122  14358.2             
80   	123  14358.3             
80   	124  14358.3             
80   	125  14358.2             
80   	126  14358.2             
80   	127  14358.2             
80   	128  14358.2             
80   	129  14358.3             
80   	130  14358.3             
80   	131  14358.2             
80   	132  14358.3             
80   	133  14358.3             
80   	134  14358.3             
80   	135  14358.3             
80   	136  14358.3             
80   	137  14358.4             
80   	138  14358.3             
80   	139  14358.4             
80   	140  14358.4             
80   	141  14358.4             
80   	142  14358.5             
80   	143  14358.6             
80   	144  14358.7             
80   	145  14358.7             
80   	146  14358.6             
80   	147  14358.6             
80   	148  14358.6             
80   	149  14358.6             
80   	150  14358.7             
80   	151  14358.7             
80   	152  14358.7             
80   	153  14358.7             
80   	154  14358.8             
80   	155  14358.9             
80   	156  14359               
80   	157  14358.9             
80   	158  14358.8             
80   	159  14359               
80   	160  14359.1             
80   	161  14359.1             
80   	162  14359.1             
80   	163  14359.2             
80   	164  14359.3             
80   	165  14359.3             
80   	166  14359.4             
80   	167  14359.5             
80   	168  14359.5             
80   	169  14359.6             
80   	170  14359.6             
80   	171  14359.6             
80   	172  14359.7             
80   	173  14359.7             
80   	174  14359.8             
80   	175  14359.8             
80   	176  14359.9             
80   	177  14359.9             
80   	178  14360.1             
80   	179  14360.2             
80   	180  14360.2             
80   	181  14360.3             
80   	182  14360.3             
80   	183  14360.4             
80   	184  14360.5             
80   	185  14360.5             
80   	186  14360.6             
80   	187  14360.7             
80   	188  14360.8             
80   	189  14360.8             
80   	190  14361               
80   	191  14361               
80   	192  14361               
80   	193  14361.2             
80   	194  14361.3             
80   	195  14361.3             
80   	196  14361.4             
80   	197  14361.5             
80   	198  14361.5             
80   	199  14361.6             
80   	200  14361.8             
80   	201  14361.8             
80   	202  14362               
80   	203  14362.1             
80   	204  14362.2             
80   	205  14362.3             
80   	206  14362.4             
80   	207  14362.5             
80   	208  14362.6             
80   	209  14362.7             
80   	210  14362.8             
80   	211  14362.9             
80   	212  14363               
80   	213  14363.1             
80   	214  14363.2             
80   	215  14363.3             
80   	216  14363.3             
80   	217  14363.4             
80   	218  14363.5             
80   	219  14363.7             
80   	220  14363.9             
80   	221  14364               
80   	222  14364.2             
80   	223  14364.2             
80   	224  14364.3             
80   	225  14364.4             
80   	226  14364.6             
80   	227  14364.8             
80   	228  14364.9             
80   	229  14365               
80   	230  14365.1             
80   	231  14365.1             
80   	232  14365.3             
80   	233  14365.5             
80   	234  14365.5             
80   	235  14365.6             
80   	236  14365.7             
80   	237  14366               
80   	238  14366.1             
80   	239  14366.1             
80   	240  14366.4             
80   	241  14366.5             
80   	242  14366.5             
80   	243  14366.7             
80   	244  14366.8             
80   	245  14366.9             
80   	246  14367.2             
80   	247  14367.2             
80   	248  14367.3             
80   	249  14367.5             
80   	250  14367.6             
80   	251  14367.8             
80   	252  14367.9             
80   	253  14368               
80   	254  14368.1             
80   	255  14368.3             
80   	256  14368.4             
80   	257  14368.5             
80   	258  14368.6             
80   	259  14368.8             
80   	260  14368.9             
80   	261  14369.1             
80   	262  14369.2             
80   	263  14369.4             
80   	264  14369.5             
80   	265  14369.6             
80   	266  14369.8             
80   	267  14369.9             
80   	268  14370               
80   	269  14370.2             
80   	270  14370.3             
80   	271  14370.4             
80   	272  14370.6             
80   	273  14370.7             
80   	274  14370.8             
80   	275  14371               
80   	276  14371.2             
80   	277  14371.3             
80   	278  14371.4             
80   	279  14371.5             
80   	280  14371.7             
80   	281  14371.9             
80   	282  14372               
80   	283  14372.2             
80   	284  14372.4             
80   	285  14372.4             
80   	286  14372.5             
80   	287  14372.6             
80   	288  14372.6             
80   	289  14372.8             
80   	290  14373.1             
80   	291  14373.3             
80   	292  14373.5             
80   	293  14373.5             
80   	294  14373.7             
80   	295  14373.8             
80   	296  14374               
80   	297  14374.1             
80   	298  14374.3             
80   	299  14375               
