40   	0    14543.3             
40   	1    14540.2             
40   	2    14536.4             
40   	3    14533.9             
40   	4    14531.2             
40   	5    14529               
40   	6    14527.1             
40   	7    14525.5             
40   	8    14524.1             
40   	9    14523.3             
40   	10   14522.5             
40   	11   14522.1             
40   	12   14521.9             
40   	13   14521.7             
40   	14   14521.7             
40   	15   14521.6             
40   	16   14522               
40   	17   14522.7             
40   	18   14523.5             
40   	19   14524.4             
40   	20   14525.2             
40   	21   14526.1             
40   	22   14527.4             
40   	23   14528.8             
40   	24   14530.1             
40   	25   14531.3             
40   	26   14532.6             
40   	27   14533.8             
40   	28   14534.9             
40   	29   14536               
40   	30   14536.7             
40   	31   14538               
40   	32   14539.3             
40   	33   14540.5             
40   	34   14541.6             
40   	35   14542.7             
40   	36   14543.8             
40   	37   14544.8             
40   	38   14545.9             
40   	39   14546.7             
40   	40   14547.7             
40   	41   14548.7             
40   	42   14549.8             
40   	43   14550.6             
40   	44   14551.3             
40   	45   14551.9             
40   	46   14552.7             
40   	47   22260.1             
40   	48   22262.6             
40   	49   14858.4             
40   	50   22294.1             
40   	51   19902.2             
40   	52   14881.8             
40   	53   14896.6             
40   	54   22053.4             
40   	55   22336.6             
40   	56   22341.7             
40   	57   22351.8             
40   	58   19896.8             
40   	59   19929.8             
40   	60   14560.4             
40   	61   19994.5             
40   	62   19897.7             
40   	63   19932.6             
40   	64   14561.6             
40   	65   19981.2             
40   	66   19938.2             
40   	67   14562.2             
40   	68   14562.4             
40   	69   14562.6             
40   	70   14562.8             
40   	71   14563               
40   	72   14563.2             
40   	73   19981.2             
40   	74   19935.4             
40   	75   14563.2             
40   	76   19974.1             
40   	77   14563               
40   	78   14563.1             
40   	79   14563               
40   	80   14563               
40   	81   14562.9             
40   	82   19931.6             
40   	83   14562.7             
40   	84   14673.5             
40   	85   14562.3             
40   	86   14562.1             
40   	87   14562               
40   	88   19945               
40   	89   19931.4             
40   	90   19926.7             
40   	91   22105.9             
40   	92   14561.2             
40   	93   14682.2             
40   	94   19922.2             
40   	95   19899.8             
40   	96   19916.5             
40   	97   22109               
40   	98   19923.9             
40   	99   22100.1             
40   	100  19931.7             
40   	101  19901.9             
40   	102  19897.1             
40   	103  19925.8             
40   	104  19894.2             
40   	105  19929.5             
40   	106  19912.7             
40   	107  19933.1             
40   	108  19924.1             
40   	109  19919.4             
40   	110  19983.6             
40   	111  19895.5             
40   	112  19922.5             
40   	113  19908.8             
40   	114  19892.3             
40   	115  19916.8             
40   	116  19911               
40   	117  19992.3             
40   	118  19940.7             
40   	119  19893.1             
40   	120  19889.7             
40   	121  19882.8             
40   	122  19916.2             
40   	123  19916.2             
40   	124  19881.8             
40   	125  19883.6             
40   	126  19911.7             
40   	127  19911.7             
40   	128  19893.7             
40   	129  19886.2             
40   	130  19880.6             
40   	131  19915.3             
40   	132  19878.4             
40   	133  19901.7             
40   	134  19921.9             
40   	135  19901.5             
40   	136  19910.8             
40   	137  19915.7             
40   	138  19882.8             
40   	139  19975.2             
40   	140  19886.9             
40   	141  19899.3             
40   	142  19906               
40   	143  19881.6             
40   	144  19881               
40   	145  19910.1             
40   	146  19907.4             
40   	147  19880.1             
40   	148  19884.9             
40   	149  19875.2             
40   	150  19884.3             
40   	151  19891.8             
40   	152  19966.4             
40   	153  14544.7             
40   	154  19888.7             
40   	155  19880               
40   	156  14544.2             
40   	157  19884.1             
40   	158  19878.8             
40   	159  19902               
40   	160  14543.4             
40   	161  19876               
40   	162  19908.6             
40   	163  19872               
40   	164  14543               
40   	165  19903.3             
40   	166  19875               
40   	167  19900.4             
40   	168  14542.3             
40   	169  14542.3             
40   	170  19884.6             
40   	171  19951.6             
40   	172  19904.2             
40   	173  14542               
40   	174  19869.3             
40   	175  14541.9             
40   	176  14541.7             
40   	177  19866.8             
40   	178  14541.6             
40   	179  19897.3             
40   	180  19911.4             
40   	181  14541.4             
40   	182  14541.2             
40   	183  14541.3             
40   	184  14541.3             
40   	185  14541.2             
40   	186  14541.3             
40   	187  19904               
40   	188  14541               
40   	189  14541.2             
40   	190  19898.6             
40   	191  19946               
40   	192  19913.2             
40   	193  14541.1             
40   	194  14541.1             
40   	195  19898               
40   	196  14541.1             
40   	197  14541               
40   	198  14541.1             
40   	199  19898.4             
40   	200  19895.3             
40   	201  19890.9             
40   	202  14541.5             
40   	203  14541.5             
40   	204  14541.4             
40   	205  19898.6             
40   	206  14541.5             
40   	207  14541.6             
40   	208  14541.7             
40   	209  14541.8             
40   	210  14541.9             
40   	211  14542               
40   	212  14542               
40   	213  14542               
40   	214  14542.1             
40   	215  14542.2             
40   	216  14542.2             
40   	217  14542.3             
40   	218  14542.5             
40   	219  14542.8             
40   	220  14542.8             
40   	221  14542.8             
40   	222  14542.8             
40   	223  14543               
40   	224  14543.2             
40   	225  14543.3             
40   	226  14543.3             
40   	227  14543.4             
40   	228  14543.6             
40   	229  14543.8             
40   	230  14543.9             
40   	231  14543.9             
40   	232  14544.1             
40   	233  14544.4             
40   	234  14544.5             
40   	235  14544.6             
40   	236  14544.7             
40   	237  14544.8             
40   	238  14545.1             
40   	239  14545.2             
40   	240  14545.3             
40   	241  14545.4             
40   	242  14545.5             
40   	243  14545.7             
40   	244  14545.8             
40   	245  14545.9             
40   	246  14546.4             
40   	247  14546.6             
40   	248  14546.6             
40   	249  14546.7             
40   	250  14547               
40   	251  14547.2             
40   	252  14547.2             
40   	253  14547.5             
40   	254  14547.8             
40   	255  14547.8             
40   	256  14547.9             
40   	257  14548.2             
40   	258  14548.6             
40   	259  22048.7             
40   	260  14548.4             
40   	261  14548.7             
40   	262  14549               
40   	263  14549.3             
40   	264  14549.5             
40   	265  14549.7             
40   	266  14549.8             
40   	267  14549.8             
40   	268  14550               
40   	269  14550.3             
40   	270  14550.6             
40   	271  14550.8             
40   	272  14551               
40   	273  14551.3             
40   	274  14551.4             
40   	275  14551.6             
40   	276  14551.8             
40   	277  14551.9             
40   	278  14552.1             
40   	279  14552.4             
40   	280  14552.5             
40   	281  14552.8             
40   	282  14553               
40   	283  14553.4             
40   	284  14553.7             
40   	285  14553.8             
40   	286  14553.8             
40   	287  14553.9             
40   	288  14554.3             
40   	289  14554.6             
40   	290  14554.8             
40   	291  14554.8             
40   	292  14555               
40   	293  14555.3             
40   	294  14555.6             
40   	295  14555.8             
40   	296  14556               
40   	297  14556.1             
40   	298  14556.3             
40   	299  14558.1             
