284  	0    14368.4             
284  	1    14376               
284  	2    14373.7             
284  	3    14371.9             
284  	4    14370.2             
284  	5    14368.5             
284  	6    14367.1             
284  	7    14365.9             
284  	8    14364.7             
284  	9    14363.5             
284  	10   14362.5             
284  	11   14361.6             
284  	12   14360.7             
284  	13   14359.9             
284  	14   14359.1             
284  	15   14358.3             
284  	16   14357.6             
284  	17   14356.9             
284  	18   14356.1             
284  	19   14355.5             
284  	20   14354.9             
284  	21   14354.4             
284  	22   14353.9             
284  	23   14353.5             
284  	24   14353.1             
284  	25   14352.7             
284  	26   14352.2             
284  	27   14351.8             
284  	28   14351.5             
284  	29   14351.7             
284  	30   14350.7             
284  	31   14350.4             
284  	32   14350.2             
284  	33   14349.9             
284  	34   14349.6             
284  	35   14349.3             
284  	36   14348.9             
284  	37   14348.8             
284  	38   14348.6             
284  	39   14348.3             
284  	40   14348.1             
284  	41   14347.8             
284  	42   14347.7             
284  	43   14347.5             
284  	44   14347.2             
284  	45   14347.1             
284  	46   14346.9             
284  	47   14346.6             
284  	48   14346.4             
284  	49   14346.3             
284  	50   14346.2             
284  	51   14346.1             
284  	52   14345.8             
284  	53   14345.7             
284  	54   14345.5             
284  	55   14345.4             
284  	56   14345.3             
284  	57   14345.2             
284  	58   14345               
284  	59   14345               
284  	60   14344.9             
284  	61   14344.7             
284  	62   14344.5             
284  	63   14344.5             
284  	64   14344.4             
284  	65   14344.3             
284  	66   14344.2             
284  	67   14344.1             
284  	68   14344               
284  	69   14343.9             
284  	70   14343.8             
284  	71   14343.7             
284  	72   14343.6             
284  	73   14343.5             
284  	74   14343.5             
284  	75   14343.4             
284  	76   14343.3             
284  	77   14343.3             
284  	78   14343.2             
284  	79   14343.1             
284  	80   14343.1             
284  	81   14343               
284  	82   14342.9             
284  	83   14342.9             
284  	84   14342.8             
284  	85   14342.9             
284  	86   14342.7             
284  	87   14342.7             
284  	88   14342.6             
284  	89   14342.5             
284  	90   14342.5             
284  	91   14342.5             
284  	92   14342.5             
284  	93   14342.4             
284  	94   14342.3             
284  	95   14342.3             
284  	96   14342.3             
284  	97   14342.2             
284  	98   14342.2             
284  	99   14342.2             
284  	100  14342.1             
284  	101  14342.1             
284  	102  14342.1             
284  	103  14342               
284  	104  14342               
284  	105  14342               
284  	106  14341.9             
284  	107  14341.9             
284  	108  14341.9             
284  	109  14341.8             
284  	110  14341.8             
284  	111  14341.8             
284  	112  14341.8             
284  	113  14341.8             
284  	114  14341.7             
284  	115  14341.7             
284  	116  14341.7             
284  	117  14341.7             
284  	118  14341.6             
284  	119  14341.6             
284  	120  14341.6             
284  	121  14341.6             
284  	122  14341.6             
284  	123  14341.5             
284  	124  14341.5             
284  	125  14341.5             
284  	126  14341.5             
284  	127  14341.5             
284  	128  14341.5             
284  	129  14341.5             
284  	130  14341.4             
284  	131  14341.4             
284  	132  14341.4             
284  	133  14341.4             
284  	134  14341.4             
284  	135  14341.4             
284  	136  14341.3             
284  	137  14341.3             
284  	138  14341.3             
284  	139  14341.3             
284  	140  14341.3             
284  	141  14341.3             
284  	142  14341.3             
284  	143  14341.3             
284  	144  14341.3             
284  	145  14341.3             
284  	146  14341.3             
284  	147  14341.3             
284  	148  14341.3             
284  	149  14341.3             
284  	150  14341.3             
284  	151  14341.2             
284  	152  14341.3             
284  	153  14341.2             
284  	154  14341.2             
284  	155  14341.2             
284  	156  14341.2             
284  	157  14341.2             
284  	158  14341.2             
284  	159  14341.2             
284  	160  14341.2             
284  	161  14341.2             
284  	162  14341.2             
284  	163  14341.2             
284  	164  14341.2             
284  	165  14341.2             
284  	166  14341.2             
284  	167  14341.2             
284  	168  14341.2             
284  	169  14341.2             
284  	170  14341.2             
284  	171  14341.2             
284  	172  14341.2             
284  	173  14341.2             
284  	174  14341.2             
284  	175  14341.2             
284  	176  14341.2             
284  	177  14341.2             
284  	178  14341.2             
284  	179  14341.2             
284  	180  14341.2             
284  	181  14341.2             
284  	182  14341.2             
284  	183  14341.2             
284  	184  14341.2             
284  	185  14341.2             
284  	186  14341.2             
284  	187  14341.2             
284  	188  14341.2             
284  	189  14341.2             
284  	190  14341.2             
284  	191  14341.2             
284  	192  14341.2             
284  	193  14341.2             
284  	194  14341.2             
284  	195  14341.2             
284  	196  14341.2             
284  	197  14341.2             
284  	198  14341.3             
284  	199  14341.2             
284  	200  14341.3             
284  	201  14341.3             
284  	202  14341.3             
284  	203  14341.3             
284  	204  14341.3             
284  	205  14341.3             
284  	206  14341.3             
284  	207  14341.3             
284  	208  14341.3             
284  	209  14341.3             
284  	210  14341.3             
284  	211  14341.3             
284  	212  14341.3             
284  	213  14341.3             
284  	214  14341.3             
284  	215  14341.4             
284  	216  14341.3             
284  	217  14341.4             
284  	218  14341.3             
284  	219  14341.4             
284  	220  14341.4             
284  	221  14341.4             
284  	222  14341.4             
284  	223  14341.4             
284  	224  14341.4             
284  	225  14341.4             
284  	226  14341.4             
284  	227  14341.4             
284  	228  14341.4             
284  	229  14341.4             
284  	230  14341.4             
284  	231  14341.4             
284  	232  14341.4             
284  	233  14341.5             
284  	234  14341.5             
284  	235  14341.5             
284  	236  14341.5             
284  	237  14341.5             
284  	238  14341.5             
284  	239  14341.5             
284  	240  14341.5             
284  	241  14341.5             
284  	242  14341.5             
284  	243  14341.5             
284  	244  14341.5             
284  	245  14341.6             
284  	246  14341.6             
284  	247  14341.6             
284  	248  14341.6             
284  	249  14341.6             
284  	250  14341.6             
284  	251  14341.6             
284  	252  14341.6             
284  	253  14341.6             
284  	254  14341.6             
284  	255  14341.6             
284  	256  14341.6             
284  	257  14341.7             
284  	258  14341.7             
284  	259  14341.7             
284  	260  14341.7             
284  	261  14341.7             
284  	262  14341.7             
284  	263  14341.7             
284  	264  14341.7             
284  	265  14341.7             
284  	266  14341.7             
284  	267  14341.7             
284  	268  14341.7             
284  	269  14341.7             
284  	270  14341.7             
284  	271  14341.8             
284  	272  14341.8             
284  	273  14341.8             
284  	274  14341.8             
284  	275  14341.8             
284  	276  14341.8             
284  	277  14341.8             
284  	278  14341.8             
284  	279  14341.8             
284  	280  14341.9             
284  	281  14341.9             
284  	282  14341.9             
284  	283  14341.9             
284  	284  14341.9             
284  	285  14341.9             
284  	286  14341.9             
284  	287  14341.9             
284  	288  14341.9             
284  	289  14341.9             
284  	290  14341.9             
284  	291  14342               
284  	292  14342               
284  	293  14342               
284  	294  14342               
284  	295  14342               
284  	296  14342               
284  	297  14342               
284  	298  14342               
284  	299  14339.6             
