96   	0    14365.5             
96   	1    14366.4             
96   	2    14360.1             
96   	3    14354.9             
96   	4    14350.5             
96   	5    14346.7             
96   	6    14343.1             
96   	7    14340.1             
96   	8    14337.3             
96   	9    14335               
96   	10   14332.9             
96   	11   14331               
96   	12   14329.4             
96   	13   14327.9             
96   	14   14326.6             
96   	15   14325.3             
96   	16   14324.3             
96   	17   14323.5             
96   	18   14322.7             
96   	19   14321.8             
96   	20   14321.1             
96   	21   14320.5             
96   	22   14320.1             
96   	23   14319.6             
96   	24   14319.2             
96   	25   14318.9             
96   	26   14318.6             
96   	27   14318.4             
96   	28   14318.1             
96   	29   14317.9             
96   	30   14317.9             
96   	31   14317.8             
96   	32   14317.7             
96   	33   14317.6             
96   	34   14317.6             
96   	35   14317.5             
96   	36   14317.6             
96   	37   14317.6             
96   	38   14317.5             
96   	39   14317.6             
96   	40   14317.7             
96   	41   14317.8             
96   	42   14317.9             
96   	43   14318               
96   	44   14318               
96   	45   14318.2             
96   	46   14335.9             
96   	47   14318.4             
96   	48   14318.5             
96   	49   14318.6             
96   	50   14318.7             
96   	51   14318.8             
96   	52   14318.9             
96   	53   14319.1             
96   	54   14319.2             
96   	55   14319.3             
96   	56   14319.3             
96   	57   14319.5             
96   	58   14319.6             
96   	59   14319.7             
96   	60   14319.7             
96   	61   14319.8             
96   	62   14320               
96   	63   14320.1             
96   	64   14320.1             
96   	65   14320.3             
96   	66   14320.5             
96   	67   14320.6             
96   	68   14320.6             
96   	69   14320.7             
96   	70   14320.8             
96   	71   14320.9             
96   	72   14321               
96   	73   14321.1             
96   	74   14321.2             
96   	75   14321.2             
96   	76   14321.3             
96   	77   14321.3             
96   	78   14321.3             
96   	79   14321.5             
96   	80   14321.6             
96   	81   14321.7             
96   	82   14321.7             
96   	83   14321.8             
96   	84   14321.9             
96   	85   14321.9             
96   	86   14322               
96   	87   14322.1             
96   	88   14322.2             
96   	89   14322.2             
96   	90   14322.2             
96   	91   14322.3             
96   	92   14322.3             
96   	93   14322.4             
96   	94   14322.5             
96   	95   14322.6             
96   	96   14322.6             
96   	97   14322.6             
96   	98   14322.7             
96   	99   14322.7             
96   	100  14322.7             
96   	101  14322.8             
96   	102  14322.8             
96   	103  14322.8             
96   	104  14322.9             
96   	105  14323               
96   	106  14323               
96   	107  14323.1             
96   	108  14323.1             
96   	109  14323.1             
96   	110  14323.1             
96   	111  14323.1             
96   	112  14323.1             
96   	113  14323.3             
96   	114  14323.2             
96   	115  14323.3             
96   	116  14323.3             
96   	117  14323.3             
96   	118  14323.4             
96   	119  14323.5             
96   	120  14323.5             
96   	121  14323.5             
96   	122  14323.5             
96   	123  14323.6             
96   	124  14323.6             
96   	125  14323.7             
96   	126  14323.7             
96   	127  14323.7             
96   	128  14323.8             
96   	129  14323.9             
96   	130  14323.9             
96   	131  14323.8             
96   	132  14323.9             
96   	133  14323.9             
96   	134  14324               
96   	135  14324.1             
96   	136  14324.1             
96   	137  14324.2             
96   	138  14324.3             
96   	139  14324.3             
96   	140  14324.3             
96   	141  14324.4             
96   	142  14324.4             
96   	143  14324.4             
96   	144  14324.5             
96   	145  14324.6             
96   	146  14324.5             
96   	147  14324.5             
96   	148  14324.6             
96   	149  14324.8             
96   	150  14324.8             
96   	151  14324.8             
96   	152  14324.8             
96   	153  14324.9             
96   	154  14325               
96   	155  14325.1             
96   	156  14325.2             
96   	157  14325.3             
96   	158  14325.3             
96   	159  14325.3             
96   	160  14325.3             
96   	161  14325.4             
96   	162  14325.5             
96   	163  14325.6             
96   	164  14325.6             
96   	165  14325.7             
96   	166  14325.8             
96   	167  14325.8             
96   	168  14325.8             
96   	169  14325.9             
96   	170  14326               
96   	171  14326.1             
96   	172  14326.1             
96   	173  14326.2             
96   	174  14326.3             
96   	175  14326.4             
96   	176  14326.5             
96   	177  14326.6             
96   	178  14326.6             
96   	179  14326.7             
96   	180  14326.7             
96   	181  14326.8             
96   	182  14326.9             
96   	183  14327.1             
96   	184  14327.1             
96   	185  14327.2             
96   	186  14327.3             
96   	187  14327.3             
96   	188  14327.3             
96   	189  14327.4             
96   	190  14327.5             
96   	191  14327.6             
96   	192  14327.8             
96   	193  14327.8             
96   	194  14327.9             
96   	195  14327.9             
96   	196  14328.1             
96   	197  14328.2             
96   	198  14328.2             
96   	199  14328.4             
96   	200  14328.5             
96   	201  14328.6             
96   	202  14328.6             
96   	203  14328.7             
96   	204  14328.9             
96   	205  14329               
96   	206  14329.1             
96   	207  14329.1             
96   	208  14329.2             
96   	209  14329.3             
96   	210  14329.4             
96   	211  14329.5             
96   	212  14329.6             
96   	213  14329.7             
96   	214  14329.8             
96   	215  14329.9             
96   	216  14330               
96   	217  14330.2             
96   	218  14330.3             
96   	219  14330.4             
96   	220  14330.5             
96   	221  14330.6             
96   	222  14330.7             
96   	223  14330.7             
96   	224  14330.8             
96   	225  14330.9             
96   	226  14331               
96   	227  14331.1             
96   	228  14331.3             
96   	229  14331.4             
96   	230  14331.6             
96   	231  14331.7             
96   	232  14331.8             
96   	233  14331.9             
96   	234  14332               
96   	235  14332.1             
96   	236  14332.2             
96   	237  14332.4             
96   	238  14332.4             
96   	239  14332.5             
96   	240  14332.7             
96   	241  14332.9             
96   	242  14332.9             
96   	243  14333               
96   	244  14333.1             
96   	245  14333.3             
96   	246  14333.4             
96   	247  14333.5             
96   	248  14333.6             
96   	249  14333.6             
96   	250  14333.8             
96   	251  14333.9             
96   	252  14334               
96   	253  14334.2             
96   	254  14334.4             
96   	255  14334.4             
96   	256  14334.5             
96   	257  14334.7             
96   	258  14334.8             
96   	259  14334.9             
96   	260  14335               
96   	261  14335.1             
96   	262  14335.3             
96   	263  14335.4             
96   	264  14335.5             
96   	265  14335.6             
96   	266  14335.8             
96   	267  14335.9             
96   	268  14336               
96   	269  14336.1             
96   	270  14336.3             
96   	271  14336.3             
96   	272  14336.4             
96   	273  14336.6             
96   	274  14336.7             
96   	275  14336.8             
96   	276  14337               
96   	277  14337.2             
96   	278  14337.3             
96   	279  14337.4             
96   	280  14337.4             
96   	281  14337.5             
96   	282  14337.6             
96   	283  14337.8             
96   	284  14338               
96   	285  14338.1             
96   	286  14338.2             
96   	287  14338.2             
96   	288  14338.4             
96   	289  14338.5             
96   	290  14338.7             
96   	291  14338.8             
96   	292  14338.9             
96   	293  14339               
96   	294  14339               
96   	295  14339.1             
96   	296  14339.3             
96   	297  14339.5             
96   	298  14339.6             
96   	299  14339.7             
