5    	0    14989.6             
5    	1    14980.6             
5    	2    14974.9             
5    	3    14970.9             
5    	4    14967               
5    	5    14964               
5    	6    14961.4             
5    	7    14959               
5    	8    14957.2             
5    	9    14955.7             
5    	10   14954.9             
5    	11   14954.7             
5    	12   14955.1             
5    	13   14955.1             
5    	14   14955.8             
5    	15   14957.5             
5    	16   14958.8             
5    	17   14960.3             
5    	18   20294               
5    	19   14964.9             
5    	20   14967.8             
5    	21   14970.2             
5    	22   14972.9             
5    	23   14976               
5    	24   14979               
5    	25   14981.9             
5    	26   14984.9             
5    	27   14987.8             
5    	28   14990.3             
5    	29   14992.8             
5    	30   14995.3             
5    	31   23057.6             
5    	32   23272.6             
5    	33   23326.2             
5    	34   15004.3             
5    	35   15006.2             
5    	36   15008.4             
5    	37   15010.4             
5    	38   15012.1             
5    	39   15013.8             
5    	40   15015.3             
5    	41   15016.8             
5    	42   15018.8             
5    	43   20353.1             
5    	44   20363               
5    	45   20356.7             
5    	46   20361.2             
5    	47   20385.7             
5    	48   15024.7             
5    	49   20379.1             
5    	50   15026.5             
5    	51   15027.2             
5    	52   15027.6             
5    	53   15027.9             
5    	54   15028.2             
5    	55   15028.7             
5    	56   15029.1             
5    	57   15028.9             
5    	58   15029.2             
5    	59   15029.5             
5    	60   15029.3             
5    	61   15029.2             
5    	62   15029.1             
5    	63   15028.7             
5    	64   15028.5             
5    	65   15028.4             
5    	66   20386.3             
5    	67   20525.6             
5    	68   15027.3             
5    	69   20500.4             
5    	70   20352.2             
5    	71   15034.6             
5    	72   20452.3             
5    	73   20498.4             
5    	74   15078.8             
5    	75   15036.3             
5    	76   20463.9             
5    	77   15022.3             
5    	78   20359.6             
5    	79   15024.3             
5    	80   20434.4             
5    	81   20545.6             
5    	82   15017.3             
5    	83   15172               
5    	84   15015               
5    	85   20391.5             
5    	86   20354.1             
5    	87   20384.9             
5    	88   20436.3             
5    	89   15149.5             
5    	90   20362.3             
5    	91   20412.8             
5    	92   15103.4             
5    	93   15002               
5    	94   20425.2             
5    	95   14999.7             
5    	96   15002.6             
5    	97   20363.3             
5    	98   20338               
5    	99   20375.6             
5    	100  20348.7             
5    	101  15095.2             
5    	102  14989.3             
5    	103  20507.1             
5    	104  20398.9             
5    	105  20409.8             
5    	106  14988.9             
5    	107  20444.2             
5    	108  15081.7             
5    	109  20322               
5    	110  14977               
5    	111  20464.6             
5    	112  20400.2             
5    	113  14972.8             
5    	114  14972               
5    	115  20352.5             
5    	116  14971.4             
5    	117  14969.9             
5    	118  14969.6             
5    	119  20375.9             
5    	120  20361.8             
5    	121  20273.1             
5    	122  20340.7             
5    	123  20302.9             
5    	124  20288.5             
5    	125  20357               
5    	126  20296.1             
5    	127  15071.5             
5    	128  20531.8             
5    	129  14953.8             
5    	130  14948.2             
5    	131  14948.9             
5    	132  15036.9             
5    	133  15010.9             
5    	134  14950.9             
5    	135  20306.5             
5    	136  20396.3             
5    	137  14939.7             
5    	138  20336.8             
5    	139  20329               
5    	140  15084.1             
5    	141  20308.5             
5    	142  14944.1             
5    	143  14931.9             
5    	144  20336.1             
5    	145  14930.1             
5    	146  14929               
5    	147  14933.9             
5    	148  20323.9             
5    	149  20294.2             
5    	150  20254.2             
5    	151  14923.5             
5    	152  20369.1             
5    	153  14920.8             
5    	154  14998.7             
5    	155  20307.6             
5    	156  14919.4             
5    	157  14922.3             
5    	158  14964.7             
5    	159  14914.8             
5    	160  20266.9             
5    	161  14914.5             
5    	162  20369.8             
5    	163  14911.9             
5    	164  14911.2             
5    	165  20273.5             
5    	166  20260.6             
5    	167  14910.9             
5    	168  20324.1             
5    	169  14968.7             
5    	170  20233.8             
5    	171  14906.6             
5    	172  14905.7             
5    	173  15013.9             
5    	174  20359.2             
5    	175  20252.1             
5    	176  14915.2             
5    	177  14902.5             
5    	178  14920.7             
5    	179  20237.6             
5    	180  20291.3             
5    	181  20385.4             
5    	182  20242.9             
5    	183  14990.7             
5    	184  20222.2             
5    	185  15059.1             
5    	186  20235.3             
5    	187  20227.7             
5    	188  20223.3             
5    	189  14906.2             
5    	190  14915               
5    	191  20231.9             
5    	192  14896.4             
5    	193  14904.4             
5    	194  20301.2             
5    	195  14899.2             
5    	196  20286.2             
5    	197  20253.1             
5    	198  15064.4             
5    	199  20371.5             
5    	200  15087.5             
5    	201  14903.8             
5    	202  20243               
5    	203  20229.1             
5    	204  20217.4             
5    	205  14895.4             
5    	206  14893.3             
5    	207  14898.8             
5    	208  20223.5             
5    	209  20231               
5    	210  20297.1             
5    	211  14893.6             
5    	212  20237.4             
5    	213  14933.5             
5    	214  20309.9             
5    	215  14892.6             
5    	216  20229.1             
5    	217  20243.6             
5    	218  20260.7             
5    	219  20301.8             
5    	220  20259.2             
5    	221  20371.2             
5    	222  15005.1             
5    	223  20345.5             
5    	224  20215.9             
5    	225  20322               
5    	226  20213.8             
5    	227  20211.7             
5    	228  20230.4             
5    	229  14952.8             
5    	230  14895.7             
5    	231  15000               
5    	232  14893               
5    	233  20337.4             
5    	234  20271.9             
5    	235  20290.5             
5    	236  20371.8             
5    	237  14893               
5    	238  20354.6             
5    	239  20239.1             
5    	240  20283.6             
5    	241  14894.4             
5    	242  14895.5             
5    	243  20292.3             
5    	244  20244.5             
5    	245  14895.3             
5    	246  20246.8             
5    	247  14894.6             
5    	248  14906.8             
5    	249  14898.9             
5    	250  20363.5             
5    	251  14901.4             
5    	252  14895.5             
5    	253  20260.2             
5    	254  20426.1             
5    	255  14897.7             
5    	256  15018.8             
5    	257  14900.1             
5    	258  14910.7             
5    	259  20348.8             
5    	260  20312.8             
5    	261  20234.4             
5    	262  20216.1             
5    	263  14897.3             
5    	264  14904.1             
5    	265  20303.1             
5    	266  20450.1             
5    	267  14972               
5    	268  14900.9             
5    	269  20287.6             
5    	270  14901.5             
5    	271  20252.4             
5    	272  20218.6             
5    	273  14901.4             
5    	274  20297.1             
5    	275  20293.6             
5    	276  20333.8             
5    	277  14899.6             
5    	278  15011.8             
5    	279  15043.8             
5    	280  14931.1             
5    	281  14907.5             
5    	282  20295.3             
5    	283  14901.6             
5    	284  15036.6             
5    	285  20282.2             
5    	286  20328.7             
5    	287  20234.3             
5    	288  20265.2             
5    	289  20239.5             
5    	290  20281.5             
5    	291  20285.3             
5    	292  14903.5             
5    	293  14908.9             
5    	294  20378.1             
5    	295  14908.7             
5    	296  20266.3             
5    	297  14918.5             
5    	298  14908.7             
5    	299  14910.2             
