215  	0    14366.8             
215  	1    14373.2             
215  	2    14369               
215  	3    14365.7             
215  	4    14362.5             
215  	5    14359.3             
215  	6    14356.7             
215  	7    14354.4             
215  	8    14352.4             
215  	9    14350.5             
215  	10   14348.6             
215  	11   14346.8             
215  	12   14345.2             
215  	13   14343.8             
215  	14   14342.5             
215  	15   14341.1             
215  	16   14339.9             
215  	17   14338.7             
215  	18   14337.6             
215  	19   14336.6             
215  	20   14335.6             
215  	21   14334.7             
215  	22   14333.8             
215  	23   14332.9             
215  	24   14332.2             
215  	25   14331.5             
215  	26   14330.8             
215  	27   14330.1             
215  	28   14329.5             
215  	29   14328.9             
215  	30   14328.2             
215  	31   14327.7             
215  	32   14327.4             
215  	33   14327               
215  	34   14326.5             
215  	35   14326               
215  	36   14325.5             
215  	37   14325.1             
215  	38   14324.7             
215  	39   14324.3             
215  	40   14324               
215  	41   14323.7             
215  	42   14323.4             
215  	43   14323               
215  	44   14322.7             
215  	45   14322.4             
215  	46   14322.1             
215  	47   14321.8             
215  	48   14321.6             
215  	49   14321.4             
215  	50   14321.1             
215  	51   14320.9             
215  	52   14320.7             
215  	53   14320.5             
215  	54   14320.2             
215  	55   14320               
215  	56   14319.8             
215  	57   14319.6             
215  	58   14319.4             
215  	59   14319.3             
215  	60   14319.1             
215  	61   14319               
215  	62   14318.8             
215  	63   14318.6             
215  	64   14318.5             
215  	65   14318.4             
215  	66   14318.2             
215  	67   14318.1             
215  	68   14318               
215  	69   14317.9             
215  	70   14317.8             
215  	71   14317.6             
215  	72   14317.5             
215  	73   14317.4             
215  	74   14317.3             
215  	75   14317.2             
215  	76   14317.1             
215  	77   14317.1             
215  	78   14317               
215  	79   14316.9             
215  	80   14316.8             
215  	81   14316.7             
215  	82   14316.7             
215  	83   14316.7             
215  	84   14316.6             
215  	85   14316.5             
215  	86   14316.4             
215  	87   14316.3             
215  	88   14316.3             
215  	89   14316.2             
215  	90   14316.1             
215  	91   14316.1             
215  	92   14316.1             
215  	93   14316               
215  	94   14316               
215  	95   14315.9             
215  	96   14315.9             
215  	97   14315.9             
215  	98   14315.8             
215  	99   14315.8             
215  	100  14315.7             
215  	101  14315.7             
215  	102  14315.7             
215  	103  14315.7             
215  	104  14315.6             
215  	105  14315.6             
215  	106  14315.6             
215  	107  14315.5             
215  	108  14315.5             
215  	109  14315.5             
215  	110  14315.5             
215  	111  14315.4             
215  	112  14315.4             
215  	113  14315.4             
215  	114  14315.4             
215  	115  14315.4             
215  	116  14315.4             
215  	117  14315.4             
215  	118  14315.4             
215  	119  14315.3             
215  	120  14315.3             
215  	121  14315.3             
215  	122  14315.3             
215  	123  14315.3             
215  	124  14315.3             
215  	125  14315.3             
215  	126  14315.3             
215  	127  14315.3             
215  	128  14315.3             
215  	129  14315.3             
215  	130  14315.3             
215  	131  14315.3             
215  	132  14315.3             
215  	133  14315.3             
215  	134  14315.3             
215  	135  14315.3             
215  	136  14315.3             
215  	137  14315.3             
215  	138  14315.3             
215  	139  14315.3             
215  	140  14315.3             
215  	141  14315.3             
215  	142  14315.3             
215  	143  14315.3             
215  	144  14315.3             
215  	145  14315.4             
215  	146  14315.4             
215  	147  14315.4             
215  	148  14315.4             
215  	149  14315.4             
215  	150  14315.4             
215  	151  14315.4             
215  	152  14315.4             
215  	153  14315.5             
215  	154  14315.5             
215  	155  14315.5             
215  	156  14315.5             
215  	157  14315.5             
215  	158  14315.5             
215  	159  14315.6             
215  	160  14315.6             
215  	161  14315.6             
215  	162  14315.6             
215  	163  14315.6             
215  	164  14315.6             
215  	165  14315.6             
215  	166  14315.7             
215  	167  14315.7             
215  	168  14315.7             
215  	169  14315.7             
215  	170  14315.8             
215  	171  14315.8             
215  	172  14315.8             
215  	173  14315.8             
215  	174  14315.8             
215  	175  14315.9             
215  	176  14315.9             
215  	177  14315.9             
215  	178  14315.9             
215  	179  14316               
215  	180  14316               
215  	181  14316               
215  	182  14316               
215  	183  14316.1             
215  	184  14316.1             
215  	185  14316.1             
215  	186  14316.1             
215  	187  14316.1             
215  	188  14316.2             
215  	189  14316.2             
215  	190  14316.2             
215  	191  14316.2             
215  	192  14316.3             
215  	193  14316.3             
215  	194  14316.3             
215  	195  14316.3             
215  	196  14316.4             
215  	197  14316.4             
215  	198  14316.4             
215  	199  14316.5             
215  	200  14316.5             
215  	201  14316.5             
215  	202  14316.5             
215  	203  14316.6             
215  	204  14316.6             
215  	205  14316.6             
215  	206  14316.7             
215  	207  14316.7             
215  	208  14316.7             
215  	209  14316.7             
215  	210  14316.8             
215  	211  14316.8             
215  	212  14316.8             
215  	213  14316.8             
215  	214  14316.9             
215  	215  14316.9             
215  	216  14317               
215  	217  14317               
215  	218  14317               
215  	219  14317               
215  	220  14317.1             
215  	221  14317.1             
215  	222  14317.1             
215  	223  14317.1             
215  	224  14317.2             
215  	225  14317.2             
215  	226  14317.3             
215  	227  14317.3             
215  	228  14317.3             
215  	229  14317.3             
215  	230  14317.3             
215  	231  14317.4             
215  	232  14317.4             
215  	233  14317.5             
215  	234  14317.5             
215  	235  14317.5             
215  	236  14317.6             
215  	237  14317.6             
215  	238  14317.6             
215  	239  14317.7             
215  	240  14317.7             
215  	241  14317.7             
215  	242  14317.8             
215  	243  14317.8             
215  	244  14317.8             
215  	245  14317.8             
215  	246  14317.9             
215  	247  14317.9             
215  	248  14318               
215  	249  14318               
215  	250  14318               
215  	251  14318.1             
215  	252  14318.1             
215  	253  14318.1             
215  	254  14318.1             
215  	255  14318.2             
215  	256  14318.2             
215  	257  14318.2             
215  	258  14318.3             
215  	259  14318.3             
215  	260  14318.3             
215  	261  14318.4             
215  	262  14318.4             
215  	263  14318.4             
215  	264  14318.5             
215  	265  14318.5             
215  	266  14318.5             
215  	267  14318.6             
215  	268  14318.6             
215  	269  14318.6             
215  	270  14318.7             
215  	271  14318.7             
215  	272  14318.7             
215  	273  14318.7             
215  	274  14318.8             
215  	275  14318.8             
215  	276  14318.9             
215  	277  14318.9             
215  	278  14318.9             
215  	279  14318.9             
215  	280  14319               
215  	281  14319               
215  	282  14319               
215  	283  14319.1             
215  	284  14319.1             
215  	285  14319.1             
215  	286  14319.2             
215  	287  14319.2             
215  	288  14319.2             
215  	289  14319.3             
215  	290  14319.3             
215  	291  14319.3             
215  	292  14319.4             
215  	293  14319.4             
215  	294  14319.4             
215  	295  14319.5             
215  	296  14319.5             
215  	297  14319.6             
215  	298  14319.6             
215  	299  14317.5             
