32   	0    14608               
32   	1    14605.4             
32   	2    14601.1             
32   	3    14598.5             
32   	4    14595.8             
32   	5    14593.6             
32   	6    14591.9             
32   	7    14590.3             
32   	8    14589.3             
32   	9    14588.6             
32   	10   14588               
32   	11   14587.7             
32   	12   14587.7             
32   	13   14587.8             
32   	14   14588.2             
32   	15   14588.7             
32   	16   14589.7             
32   	17   14590.6             
32   	18   14644.1             
32   	19   14592               
32   	20   14593.4             
32   	21   14594.7             
32   	22   14596.1             
32   	23   14597.6             
32   	24   14599.4             
32   	25   14600.9             
32   	26   14602.3             
32   	27   14603.9             
32   	28   14605.2             
32   	29   14606.8             
32   	30   14608.5             
32   	31   14609.6             
32   	32   14610.7             
32   	33   14612               
32   	34   14613.4             
32   	35   14614.9             
32   	36   14879               
32   	37   14617.3             
32   	38   14618.6             
32   	39   19988.7             
32   	40   22371.9             
32   	41   14958.3             
32   	42   22395               
32   	43   22412.7             
32   	44   22423.3             
32   	45   15009.4             
32   	46   15020.8             
32   	47   14627.6             
32   	48   14628.4             
32   	49   19992               
32   	50   14629.6             
32   	51   14630.6             
32   	52   14631.3             
32   	53   14631.8             
32   	54   14632.3             
32   	55   14632.8             
32   	56   14633.3             
32   	57   14633.8             
32   	58   14634               
32   	59   14634.3             
32   	60   14635               
32   	61   14635.4             
32   	62   14635.6             
32   	63   14635.6             
32   	64   14635.9             
32   	65   14636.3             
32   	66   14636.6             
32   	67   14636.6             
32   	68   14636.4             
32   	69   14636.2             
32   	70   14636.3             
32   	71   14636.6             
32   	72   14636.2             
32   	73   14636.4             
32   	74   14636.6             
32   	75   14636.6             
32   	76   14636.5             
32   	77   14636.5             
32   	78   14636.4             
32   	79   14636.2             
32   	80   14635.9             
32   	81   14635.7             
32   	82   14635.5             
32   	83   14635.2             
32   	84   14635.1             
32   	85   14635               
32   	86   14634.8             
32   	87   14634.3             
32   	88   19995.2             
32   	89   14633.9             
32   	90   19972.3             
32   	91   14633               
32   	92   14632.5             
32   	93   14632.1             
32   	94   14632               
32   	95   14631.7             
32   	96   14630.9             
32   	97   19963.9             
32   	98   20004.2             
32   	99   22202.3             
32   	100  14629.3             
32   	101  14628.9             
32   	102  14628.7             
32   	103  19960               
32   	104  14627.9             
32   	105  19961.4             
32   	106  14626.9             
32   	107  19984.8             
32   	108  19984.1             
32   	109  19962.5             
32   	110  19960.6             
32   	111  19984.2             
32   	112  19954.4             
32   	113  19987.8             
32   	114  19983.5             
32   	115  20047.8             
32   	116  19957.8             
32   	117  20030               
32   	118  19982               
32   	119  19957.9             
32   	120  19979.5             
32   	121  19952               
32   	122  19971.1             
32   	123  19949.3             
32   	124  19967.4             
32   	125  19949.7             
32   	126  19972.2             
32   	127  19981.2             
32   	128  19948.5             
32   	129  19995.5             
32   	130  19942.2             
32   	131  19952.8             
32   	132  19940.4             
32   	133  19970.4             
32   	134  19954.3             
32   	135  19939.7             
32   	136  19961               
32   	137  19957.9             
32   	138  19943.3             
32   	139  19941.4             
32   	140  19948.3             
32   	141  19965.6             
32   	142  20015.4             
32   	143  20014.8             
32   	144  19969.5             
32   	145  20030.3             
32   	146  19933.2             
32   	147  19971               
32   	148  19938.4             
32   	149  19970.5             
32   	150  19939.1             
32   	151  19978.6             
32   	152  19972.6             
32   	153  19932.6             
32   	154  19964.9             
32   	155  19957.9             
32   	156  19967.4             
32   	157  19968.4             
32   	158  19959.2             
32   	159  19934.7             
32   	160  19957.6             
32   	161  20021.7             
32   	162  19957.2             
32   	163  19956.7             
32   	164  19961.4             
32   	165  19928.4             
32   	166  19961.5             
32   	167  19955.2             
32   	168  19961.4             
32   	169  19950.4             
32   	170  19924.7             
32   	171  20005.3             
32   	172  19957.6             
32   	173  19953.6             
32   	174  19946.5             
32   	175  19962.1             
32   	176  19930.4             
32   	177  19955.4             
32   	178  19956.9             
32   	179  19955.1             
32   	180  19952               
32   	181  19928.4             
32   	182  19957.9             
32   	183  22591.1             
32   	184  19943.3             
32   	185  19956.4             
32   	186  19954.4             
32   	187  14601.4             
32   	188  19952.6             
32   	189  20014.5             
32   	190  16422               
32   	191  32170.2             
32   	192  19963.3             
32   	193  19921.3             
32   	194  20531.8             
32   	195  19976.5             
32   	196  19993               
32   	197  19953.2             
32   	198  19959.3             
32   	199  32346               
32   	200  32250.5             
32   	201  19999.4             
32   	202  15447.6             
32   	203  19926.1             
32   	204  19931               
32   	205  19931.1             
32   	206  23023.6             
32   	207  32573.1             
32   	208  19937.6             
32   	209  25122.6             
32   	210  32663               
32   	211  16496.7             
32   	212  32681.2             
32   	213  19941               
32   	214  32779.8             
32   	215  32878.7             
32   	216  22874.3             
32   	217  32860.3             
32   	218  32940.6             
32   	219  19922.7             
32   	220  25446.5             
32   	221  19948.8             
32   	222  23160.5             
32   	223  16508               
32   	224  25472.5             
32   	225  25016.5             
32   	226  32872.6             
32   	227  16514.9             
32   	228  16494               
32   	229  33015.4             
32   	230  32975.3             
32   	231  33011.9             
32   	232  33239.9             
32   	233  16237               
32   	234  14603.5             
32   	235  25805.2             
32   	236  15456.8             
32   	237  15457.1             
32   	238  15458.3             
32   	239  23558.4             
32   	240  23392.8             
32   	241  25762.4             
32   	242  25882.7             
32   	243  33574.6             
32   	244  15462.4             
32   	245  25892.8             
32   	246  25581.1             
32   	247  25893.8             
32   	248  24572.5             
32   	249  33613.7             
32   	250  33630.3             
32   	251  23550.9             
32   	252  25946.8             
32   	253  33521.7             
32   	254  18389.1             
32   	255  25741.2             
32   	256  33617.6             
32   	257  26028.1             
32   	258  15465.7             
32   	259  26145.1             
32   	260  15467.7             
32   	261  22891.8             
32   	262  15467.8             
32   	263  16205.2             
32   	264  23914.9             
32   	265  16569.7             
32   	266  25843.6             
32   	267  15469.6             
32   	268  26258.4             
32   	269  23997.2             
32   	270  26524.4             
32   	271  25164.6             
32   	272  22574               
32   	273  22894.7             
32   	274  34187.7             
32   	275  16586.3             
32   	276  26411.8             
32   	277  24066               
32   	278  26487.2             
32   	279  34282.6             
32   	280  26506.4             
32   	281  34181               
32   	282  34320.8             
32   	283  22900.6             
32   	284  26827.1             
32   	285  15477.4             
32   	286  26344               
32   	287  22899.5             
32   	288  16599.3             
32   	289  34297.9             
32   	290  34506.5             
32   	291  24341               
32   	292  24184.6             
32   	293  34410.4             
32   	294  34376               
32   	295  34039.2             
32   	296  16615.1             
32   	297  22101.7             
32   	298  26756.6             
32   	299  34996.6             
