81   	0    14383.9             
81   	1    14384               
81   	2    14378.1             
81   	3    14373.2             
81   	4    14369.1             
81   	5    14365.5             
81   	6    14362.6             
81   	7    14359.9             
81   	8    14357.5             
81   	9    14355.5             
81   	10   14353.6             
81   	11   14352.1             
81   	12   14350.6             
81   	13   14349.5             
81   	14   14348.5             
81   	15   14347.7             
81   	16   14346.8             
81   	17   14346.1             
81   	18   14345.9             
81   	19   14345.5             
81   	20   14345.1             
81   	21   14344.6             
81   	22   14344.4             
81   	23   14344.3             
81   	24   14344.2             
81   	25   14344.2             
81   	26   14344.2             
81   	27   14344.5             
81   	28   14344.4             
81   	29   14344.3             
81   	30   14344.5             
81   	31   14344.7             
81   	32   14344.9             
81   	33   14345               
81   	34   14345.3             
81   	35   14345.6             
81   	36   14345.8             
81   	37   14345.9             
81   	38   14346               
81   	39   14346.3             
81   	40   14346.5             
81   	41   14346.8             
81   	42   14347.2             
81   	43   14347.4             
81   	44   14347.5             
81   	45   14347.8             
81   	46   14348.1             
81   	47   14348.4             
81   	48   14348.8             
81   	49   14348.9             
81   	50   14349               
81   	51   14349.2             
81   	52   14349.5             
81   	53   14349.9             
81   	54   14350.1             
81   	55   14350.3             
81   	56   14350.4             
81   	57   14350.6             
81   	58   14350.8             
81   	59   14351               
81   	60   14351.3             
81   	61   14351.5             
81   	62   14351.6             
81   	63   14351.8             
81   	64   14351.9             
81   	65   14352.1             
81   	66   14352.3             
81   	67   14352.4             
81   	68   14352.6             
81   	69   14352.6             
81   	70   14352.8             
81   	71   14353               
81   	72   14353.1             
81   	73   14353.3             
81   	74   14353.5             
81   	75   14353.5             
81   	76   14353.6             
81   	77   14353.7             
81   	78   14353.9             
81   	79   14354               
81   	80   14354.2             
81   	81   14354.3             
81   	82   14354.3             
81   	83   14354.3             
81   	84   14354.3             
81   	85   14354.4             
81   	86   14354.6             
81   	87   14354.6             
81   	88   14354.7             
81   	89   14354.9             
81   	90   14354.8             
81   	91   14354.7             
81   	92   14354.8             
81   	93   14354.9             
81   	94   14354.9             
81   	95   14355               
81   	96   14355               
81   	97   14355.1             
81   	98   14355.2             
81   	99   14355.2             
81   	100  14355.2             
81   	101  14355.3             
81   	102  14355.4             
81   	103  14355.3             
81   	104  14355.3             
81   	105  14355.4             
81   	106  14355.3             
81   	107  14355.3             
81   	108  14355.3             
81   	109  14355.3             
81   	110  14355.3             
81   	111  14355.3             
81   	112  14355.4             
81   	113  14355.5             
81   	114  14355.4             
81   	115  14355.5             
81   	116  14355.6             
81   	117  14355.5             
81   	118  14355.5             
81   	119  14355.5             
81   	120  14355.4             
81   	121  14355.4             
81   	122  14355.4             
81   	123  14355.5             
81   	124  14355.5             
81   	125  14355.6             
81   	126  14355.5             
81   	127  14355.5             
81   	128  14355.5             
81   	129  14355.6             
81   	130  14355.6             
81   	131  14355.5             
81   	132  14355.7             
81   	133  14355.7             
81   	134  14355.7             
81   	135  14355.6             
81   	136  14355.6             
81   	137  14355.6             
81   	138  14355.7             
81   	139  14355.7             
81   	140  14355.7             
81   	141  14355.8             
81   	142  14355.9             
81   	143  14355.9             
81   	144  14355.8             
81   	145  14355.9             
81   	146  14356               
81   	147  14356.1             
81   	148  14356.1             
81   	149  14356               
81   	150  14356               
81   	151  14356.1             
81   	152  14356.1             
81   	153  14356.1             
81   	154  14356.2             
81   	155  14356.2             
81   	156  14356.3             
81   	157  14356.4             
81   	158  14356.4             
81   	159  14356.4             
81   	160  14356.4             
81   	161  14356.5             
81   	162  14356.6             
81   	163  14356.6             
81   	164  14356.6             
81   	165  14356.7             
81   	166  14356.7             
81   	167  14356.8             
81   	168  14356.8             
81   	169  14356.9             
81   	170  14356.9             
81   	171  14356.9             
81   	172  14357.1             
81   	173  14357.2             
81   	174  14357.2             
81   	175  14357.2             
81   	176  14357.3             
81   	177  14357.5             
81   	178  14357.5             
81   	179  14357.4             
81   	180  14357.6             
81   	181  14357.7             
81   	182  14357.7             
81   	183  14357.7             
81   	184  14357.9             
81   	185  14358               
81   	186  14358.1             
81   	187  14358.1             
81   	188  14358.2             
81   	189  14358.3             
81   	190  14358.4             
81   	191  14358.4             
81   	192  14358.5             
81   	193  14358.5             
81   	194  14358.6             
81   	195  14358.7             
81   	196  14358.8             
81   	197  14358.9             
81   	198  14359               
81   	199  14359.1             
81   	200  14359.1             
81   	201  14359.3             
81   	202  14359.4             
81   	203  14359.5             
81   	204  14359.7             
81   	205  14359.8             
81   	206  14359.8             
81   	207  14359.9             
81   	208  14360               
81   	209  14360.1             
81   	210  14360.2             
81   	211  14360.3             
81   	212  14360.4             
81   	213  14360.6             
81   	214  14360.6             
81   	215  14360.7             
81   	216  14360.8             
81   	217  14360.9             
81   	218  14361               
81   	219  14361.2             
81   	220  14361.3             
81   	221  14361.4             
81   	222  14361.6             
81   	223  14361.7             
81   	224  14361.7             
81   	225  14361.7             
81   	226  14361.9             
81   	227  14362.2             
81   	228  14362.3             
81   	229  14362.4             
81   	230  14362.5             
81   	231  14362.6             
81   	232  14362.7             
81   	233  14362.9             
81   	234  14362.9             
81   	235  14363               
81   	236  14363.2             
81   	237  14363.4             
81   	238  14363.5             
81   	239  14363.5             
81   	240  14363.6             
81   	241  14363.7             
81   	242  14363.8             
81   	243  14363.9             
81   	244  14364.1             
81   	245  14364.3             
81   	246  14364.5             
81   	247  14364.6             
81   	248  14364.7             
81   	249  14364.9             
81   	250  14365               
81   	251  14365.1             
81   	252  14365.3             
81   	253  14365.4             
81   	254  14365.5             
81   	255  14365.7             
81   	256  14365.9             
81   	257  14366               
81   	258  14366.1             
81   	259  14366.2             
81   	260  14366.3             
81   	261  14366.4             
81   	262  14366.5             
81   	263  14366.8             
81   	264  14367               
81   	265  14367.1             
81   	266  14367.2             
81   	267  14367.3             
81   	268  14367.5             
81   	269  14367.6             
81   	270  14367.6             
81   	271  14367.8             
81   	272  14368               
81   	273  14368.2             
81   	274  14368.3             
81   	275  14368.4             
81   	276  14368.6             
81   	277  14368.7             
81   	278  14368.9             
81   	279  14369.1             
81   	280  14369.2             
81   	281  14369.3             
81   	282  14369.5             
81   	283  14369.6             
81   	284  14369.6             
81   	285  14369.6             
81   	286  14369.9             
81   	287  14370.2             
81   	288  14370.4             
81   	289  14370.4             
81   	290  14370.5             
81   	291  14370.5             
81   	292  14370.8             
81   	293  14371               
81   	294  14371.2             
81   	295  14371.4             
81   	296  14371.5             
81   	297  14371.6             
81   	298  14371.7             
81   	299  14372.3             
