90   	0    14371.3             
90   	1    14372               
90   	2    14365.8             
90   	3    14360.7             
90   	4    14356.4             
90   	5    14352.7             
90   	6    14349.4             
90   	7    14346.5             
90   	8    14343.9             
90   	9    14341.6             
90   	10   14339.6             
90   	11   14338               
90   	12   14336.3             
90   	13   14335               
90   	14   14333.6             
90   	15   14332.6             
90   	16   14331.7             
90   	17   14330.9             
90   	18   14330.1             
90   	19   14329.5             
90   	20   14328.9             
90   	21   14328.5             
90   	22   14328.1             
90   	23   14327.7             
90   	24   14327.5             
90   	25   14327.2             
90   	26   14327.1             
90   	27   14326.9             
90   	28   14326.8             
90   	29   14326.7             
90   	30   14326.7             
90   	31   14326.7             
90   	32   14326.8             
90   	33   14326.8             
90   	34   14326.9             
90   	35   14327               
90   	36   14327               
90   	37   14327               
90   	38   14327.1             
90   	39   14327.2             
90   	40   14327.4             
90   	41   14327.6             
90   	42   14327.9             
90   	43   14327.9             
90   	44   14327.9             
90   	45   14328.1             
90   	46   14328.3             
90   	47   14328.5             
90   	48   14328.8             
90   	49   14328.9             
90   	50   14329.1             
90   	51   14329.2             
90   	52   14329.3             
90   	53   14329.4             
90   	54   14329.5             
90   	55   14329.7             
90   	56   14329.9             
90   	57   14330               
90   	58   14330.2             
90   	59   14330.3             
90   	60   14330.4             
90   	61   14330.5             
90   	62   14330.7             
90   	63   14330.9             
90   	64   14331.1             
90   	65   14331.2             
90   	66   14331.3             
90   	67   14331.3             
90   	68   14331.4             
90   	69   14331.7             
90   	70   14331.8             
90   	71   14331.9             
90   	72   14331.9             
90   	73   14332               
90   	74   14332.1             
90   	75   14332.2             
90   	76   14332.3             
90   	77   14332.4             
90   	78   14332.4             
90   	79   14332.6             
90   	80   14332.7             
90   	81   14332.8             
90   	82   14332.9             
90   	83   14332.9             
90   	84   14333.1             
90   	85   14333.1             
90   	86   14333.1             
90   	87   14333.2             
90   	88   14333.2             
90   	89   14333.4             
90   	90   14333.5             
90   	91   14333.4             
90   	92   14333.4             
90   	93   14333.6             
90   	94   14333.6             
90   	95   14333.6             
90   	96   14333.7             
90   	97   14333.8             
90   	98   14333.8             
90   	99   14333.9             
90   	100  14333.9             
90   	101  14333.9             
90   	102  14333.9             
90   	103  14333.9             
90   	104  14333.9             
90   	105  14334               
90   	106  14334.1             
90   	107  14334.2             
90   	108  14334.2             
90   	109  14334.2             
90   	110  14334.1             
90   	111  14334.2             
90   	112  14334.2             
90   	113  14334.2             
90   	114  14334.2             
90   	115  14334.3             
90   	116  14334.3             
90   	117  14334.3             
90   	118  14334.3             
90   	119  14334.4             
90   	120  14334.5             
90   	121  14334.5             
90   	122  14334.5             
90   	123  14334.6             
90   	124  14334.6             
90   	125  14334.6             
90   	126  14334.7             
90   	127  14334.7             
90   	128  14334.7             
90   	129  14334.7             
90   	130  14334.7             
90   	131  14334.8             
90   	132  14334.9             
90   	133  14334.9             
90   	134  14334.9             
90   	135  14334.9             
90   	136  14334.9             
90   	137  14334.9             
90   	138  14335               
90   	139  14335.2             
90   	140  14335.4             
90   	141  14335.2             
90   	142  14335.2             
90   	143  14335.2             
90   	144  14335.3             
90   	145  14335.4             
90   	146  14335.5             
90   	147  14335.5             
90   	148  14335.6             
90   	149  14335.6             
90   	150  14335.6             
90   	151  14335.6             
90   	152  14335.7             
90   	153  14335.7             
90   	154  14335.8             
90   	155  14335.9             
90   	156  14335.9             
90   	157  14335.9             
90   	158  14336               
90   	159  14336               
90   	160  14336.1             
90   	161  14336.2             
90   	162  14336.2             
90   	163  14336.3             
90   	164  14336.4             
90   	165  14336.4             
90   	166  14336.4             
90   	167  14336.5             
90   	168  14336.6             
90   	169  14336.8             
90   	170  14336.9             
90   	171  14336.8             
90   	172  14336.8             
90   	173  14336.9             
90   	174  14337               
90   	175  14337               
90   	176  14337               
90   	177  14337.1             
90   	178  14337.3             
90   	179  14337.4             
90   	180  14337.4             
90   	181  14337.4             
90   	182  14337.6             
90   	183  14337.7             
90   	184  14337.7             
90   	185  14337.8             
90   	186  14337.9             
90   	187  14338               
90   	188  14338.1             
90   	189  14338.1             
90   	190  14338.2             
90   	191  14338.3             
90   	192  14338.4             
90   	193  14338.5             
90   	194  14338.6             
90   	195  14338.7             
90   	196  14338.7             
90   	197  14338.7             
90   	198  14339               
90   	199  14339.1             
90   	200  14339.1             
90   	201  14339.2             
90   	202  14339.3             
90   	203  14339.4             
90   	204  14339.5             
90   	205  14339.6             
90   	206  14339.7             
90   	207  14339.8             
90   	208  14339.9             
90   	209  14340.1             
90   	210  14340.1             
90   	211  14340.2             
90   	212  14340.3             
90   	213  14340.4             
90   	214  14340.5             
90   	215  14340.6             
90   	216  14340.7             
90   	217  14340.8             
90   	218  14340.9             
90   	219  14341.1             
90   	220  14341.1             
90   	221  14341.2             
90   	222  14341.4             
90   	223  14341.5             
90   	224  14341.6             
90   	225  14341.7             
90   	226  14341.8             
90   	227  14341.9             
90   	228  14342.1             
90   	229  14342.2             
90   	230  14342.2             
90   	231  14342.4             
90   	232  14342.5             
90   	233  14342.7             
90   	234  14342.7             
90   	235  14342.9             
90   	236  14343               
90   	237  14343.1             
90   	238  14343.2             
90   	239  14343.3             
90   	240  14343.4             
90   	241  14343.5             
90   	242  14343.6             
90   	243  14343.7             
90   	244  14343.9             
90   	245  14344.1             
90   	246  14344.2             
90   	247  14344.4             
90   	248  14344.5             
90   	249  14344.5             
90   	250  14344.6             
90   	251  14344.7             
90   	252  14344.9             
90   	253  14345               
90   	254  14345.2             
90   	255  14345.4             
90   	256  14345.5             
90   	257  14345.6             
90   	258  14345.6             
90   	259  14345.8             
90   	260  14345.9             
90   	261  14346.1             
90   	262  14346.2             
90   	263  14346.3             
90   	264  14346.5             
90   	265  14346.6             
90   	266  14346.7             
90   	267  14346.8             
90   	268  14346.8             
90   	269  14347               
90   	270  14347.3             
90   	271  14347.3             
90   	272  14347.4             
90   	273  14347.5             
90   	274  14347.6             
90   	275  14347.8             
90   	276  14347.9             
90   	277  14348               
90   	278  14348.2             
90   	279  14348.5             
90   	280  14348.5             
90   	281  14348.6             
90   	282  14348.8             
90   	283  14348.9             
90   	284  14348.9             
90   	285  14349.1             
90   	286  14349.3             
90   	287  14349.4             
90   	288  14349.5             
90   	289  14349.6             
90   	290  14349.7             
90   	291  14349.8             
90   	292  14350               
90   	293  14350.1             
90   	294  14350.4             
90   	295  14350.5             
90   	296  14350.6             
90   	297  14350.7             
90   	298  14350.8             
90   	299  14351.1             
