294  	0    14368.1             
294  	1    14375.7             
294  	2    14399               
294  	3    14372               
294  	4    14370.4             
294  	5    14368.9             
294  	6    14367.7             
294  	7    14366.6             
294  	8    14365.5             
294  	9    14364.4             
294  	10   14363.5             
294  	11   14362.6             
294  	12   14361.8             
294  	13   14361               
294  	14   14360.3             
294  	15   14359.7             
294  	16   14359               
294  	17   14358.3             
294  	18   14357.7             
294  	19   14357.1             
294  	20   14356.6             
294  	21   14356.1             
294  	22   14355.7             
294  	23   14355.3             
294  	24   14355               
294  	25   14354.5             
294  	26   14354.7             
294  	27   14353.8             
294  	28   14353.5             
294  	29   14353.1             
294  	30   14352.8             
294  	31   14352.5             
294  	32   14352.3             
294  	33   14352               
294  	34   14351.7             
294  	35   14351.5             
294  	36   14351.2             
294  	37   14351               
294  	38   14350.8             
294  	39   14350.6             
294  	40   14350.4             
294  	41   14350.2             
294  	42   14350               
294  	43   14349.8             
294  	44   14349.6             
294  	45   14349.4             
294  	46   14349.2             
294  	47   14349.1             
294  	48   14348.9             
294  	49   14348.7             
294  	50   14348.6             
294  	51   14348.5             
294  	52   14348.3             
294  	53   14348.2             
294  	54   14348.1             
294  	55   14347.9             
294  	56   14349.1             
294  	57   14347.7             
294  	58   14347.6             
294  	59   14347.5             
294  	60   14347.4             
294  	61   14347.3             
294  	62   14347.2             
294  	63   14347.1             
294  	64   14347               
294  	65   14346.9             
294  	66   14346.8             
294  	67   14346.7             
294  	68   14346.6             
294  	69   14346.5             
294  	70   14346.4             
294  	71   14346.3             
294  	72   14346.3             
294  	73   14346.2             
294  	74   14346.1             
294  	75   14346               
294  	76   14346               
294  	77   14345.9             
294  	78   14345.9             
294  	79   14345.8             
294  	80   14345.7             
294  	81   14345.7             
294  	82   14345.7             
294  	83   14345.6             
294  	84   14345.5             
294  	85   14345.5             
294  	86   14345.5             
294  	87   14345.4             
294  	88   14345.3             
294  	89   14345.3             
294  	90   14345.2             
294  	91   14345.2             
294  	92   14345.1             
294  	93   14345.1             
294  	94   14345.1             
294  	95   14345               
294  	96   14345               
294  	97   14345               
294  	98   14344.9             
294  	99   14344.9             
294  	100  14344.9             
294  	101  14344.8             
294  	102  14344.8             
294  	103  14344.8             
294  	104  14344.7             
294  	105  14344.7             
294  	106  14344.7             
294  	107  14344.6             
294  	108  14344.6             
294  	109  14344.5             
294  	110  14344.5             
294  	111  14344.5             
294  	112  14344.5             
294  	113  14344.5             
294  	114  14344.4             
294  	115  14344.4             
294  	116  14344.4             
294  	117  14344.4             
294  	118  14344.4             
294  	119  14344.3             
294  	120  14344.3             
294  	121  14344.3             
294  	122  14344.3             
294  	123  14344.3             
294  	124  14344.3             
294  	125  14344.2             
294  	126  14344.2             
294  	127  14344.2             
294  	128  14344.2             
294  	129  14344.2             
294  	130  14344.2             
294  	131  14344.1             
294  	132  14344.1             
294  	133  14344.1             
294  	134  14344.1             
294  	135  14344.1             
294  	136  14344.1             
294  	137  14344.1             
294  	138  14344.1             
294  	139  14344               
294  	140  14344               
294  	141  14344               
294  	142  14344               
294  	143  14344               
294  	144  14344               
294  	145  14344               
294  	146  14344               
294  	147  14344               
294  	148  14343.9             
294  	149  14343.9             
294  	150  14343.9             
294  	151  14343.9             
294  	152  14343.9             
294  	153  14343.9             
294  	154  14343.9             
294  	155  14343.9             
294  	156  14343.9             
294  	157  14343.9             
294  	158  14343.9             
294  	159  14343.9             
294  	160  14343.9             
294  	161  14343.9             
294  	162  14343.9             
294  	163  14343.9             
294  	164  14343.9             
294  	165  14343.9             
294  	166  14343.9             
294  	167  14343.9             
294  	168  14343.9             
294  	169  14343.9             
294  	170  14343.9             
294  	171  14343.9             
294  	172  14343.9             
294  	173  14343.8             
294  	174  14343.8             
294  	175  14343.8             
294  	176  14343.8             
294  	177  14343.8             
294  	178  14343.8             
294  	179  14343.8             
294  	180  14343.9             
294  	181  14343.8             
294  	182  14343.8             
294  	183  14343.9             
294  	184  14343.8             
294  	185  14343.8             
294  	186  14343.8             
294  	187  14343.8             
294  	188  14343.8             
294  	189  14343.8             
294  	190  14343.9             
294  	191  14343.9             
294  	192  14343.8             
294  	193  14343.8             
294  	194  14343.9             
294  	195  14343.8             
294  	196  14343.9             
294  	197  14343.9             
294  	198  14343.9             
294  	199  14343.9             
294  	200  14343.9             
294  	201  14343.9             
294  	202  14343.9             
294  	203  14343.8             
294  	204  14343.9             
294  	205  14343.8             
294  	206  14343.9             
294  	207  14343.9             
294  	208  14343.9             
294  	209  14343.9             
294  	210  14343.9             
294  	211  14343.9             
294  	212  14343.9             
294  	213  14343.9             
294  	214  14343.9             
294  	215  14343.9             
294  	216  14343.9             
294  	217  14343.9             
294  	218  14343.9             
294  	219  14343.9             
294  	220  14343.9             
294  	221  14343.9             
294  	222  14343.9             
294  	223  14343.9             
294  	224  14343.9             
294  	225  14343.9             
294  	226  14343.9             
294  	227  14344               
294  	228  14343.9             
294  	229  14343.9             
294  	230  14344               
294  	231  14344               
294  	232  14344               
294  	233  14344               
294  	234  14344               
294  	235  14344               
294  	236  14344               
294  	237  14344               
294  	238  14344               
294  	239  14344               
294  	240  14344               
294  	241  14344               
294  	242  14344               
294  	243  14344               
294  	244  14344               
294  	245  14344               
294  	246  14344               
294  	247  14344               
294  	248  14344               
294  	249  14344.1             
294  	250  14344.1             
294  	251  14344               
294  	252  14344.1             
294  	253  14344.1             
294  	254  14344.1             
294  	255  14344.1             
294  	256  14344.1             
294  	257  14344.1             
294  	258  14344.1             
294  	259  14344.1             
294  	260  14344.1             
294  	261  14344.1             
294  	262  14344.1             
294  	263  14344.1             
294  	264  14344.2             
294  	265  14344.1             
294  	266  14344.2             
294  	267  14344.2             
294  	268  14344.2             
294  	269  14344.2             
294  	270  14344.2             
294  	271  14344.2             
294  	272  14344.2             
294  	273  14344.2             
294  	274  14344.2             
294  	275  14344.2             
294  	276  14344.2             
294  	277  14344.2             
294  	278  14344.2             
294  	279  14344.2             
294  	280  14344.2             
294  	281  14344.2             
294  	282  14344.2             
294  	283  14344.3             
294  	284  14344.3             
294  	285  14344.3             
294  	286  14344.3             
294  	287  14344.3             
294  	288  14344.3             
294  	289  14344.3             
294  	290  14344.3             
294  	291  14344.3             
294  	292  14344.3             
294  	293  14344.3             
294  	294  14344.3             
294  	295  14344.3             
294  	296  14344.3             
294  	297  14344.3             
294  	298  14344.4             
294  	299  14342               
