204  	0    14365.5             
204  	1    14371.6             
204  	2    14367               
204  	3    14363.2             
204  	4    14359.8             
204  	5    14356.7             
204  	6    14353.8             
204  	7    14351.3             
204  	8    14349.1             
204  	9    14346.9             
204  	10   14345               
204  	11   14343.2             
204  	12   14341.4             
204  	13   14339.9             
204  	14   14338.4             
204  	15   14337               
204  	16   14335.7             
204  	17   14334.4             
204  	18   14333.3             
204  	19   14332.3             
204  	20   14331.3             
204  	21   14330.2             
204  	22   14329.3             
204  	23   14328.3             
204  	24   14327.5             
204  	25   14326.8             
204  	26   14326.1             
204  	27   14325.4             
204  	28   14324.7             
204  	29   14324.1             
204  	30   14323.5             
204  	31   14323               
204  	32   14322.4             
204  	33   14322               
204  	34   14321.5             
204  	35   14321               
204  	36   14320.6             
204  	37   14320.1             
204  	38   14319.7             
204  	39   14319.3             
204  	40   14319               
204  	41   14318.7             
204  	42   14318.4             
204  	43   14318               
204  	44   14317.7             
204  	45   14317.4             
204  	46   14317.1             
204  	47   14316.8             
204  	48   14316.5             
204  	49   14316.3             
204  	50   14316.1             
204  	51   14315.8             
204  	52   14315.5             
204  	53   14315.4             
204  	54   14315.1             
204  	55   14314.9             
204  	56   14314.7             
204  	57   14314.5             
204  	58   14314.3             
204  	59   14314.2             
204  	60   14314               
204  	61   14313.8             
204  	62   14313.7             
204  	63   14313.5             
204  	64   14313.4             
204  	65   14313.3             
204  	66   14313.1             
204  	67   14313               
204  	68   14312.9             
204  	69   14312.8             
204  	70   14312.6             
204  	71   14312.5             
204  	72   14312.4             
204  	73   14312.3             
204  	74   14312.2             
204  	75   14312.1             
204  	76   14312               
204  	77   14312               
204  	78   14311.9             
204  	79   14311.8             
204  	80   14311.7             
204  	81   14311.7             
204  	82   14311.6             
204  	83   14311.5             
204  	84   14311.5             
204  	85   14311.4             
204  	86   14311.3             
204  	87   14311.3             
204  	88   14311.2             
204  	89   14311.2             
204  	90   14311.1             
204  	91   14311               
204  	92   14311               
204  	93   14310.9             
204  	94   14310.9             
204  	95   14310.9             
204  	96   14310.8             
204  	97   14310.8             
204  	98   14310.8             
204  	99   14310.7             
204  	100  14310.7             
204  	101  14310.7             
204  	102  14310.7             
204  	103  14310.7             
204  	104  14310.6             
204  	105  14310.6             
204  	106  14310.6             
204  	107  14310.5             
204  	108  14310.5             
204  	109  14310.5             
204  	110  14310.5             
204  	111  14310.5             
204  	112  14310.4             
204  	113  14310.4             
204  	114  14310.4             
204  	115  14310.4             
204  	116  14310.4             
204  	117  14310.4             
204  	118  14310.4             
204  	119  14310.4             
204  	120  14310.4             
204  	121  14310.4             
204  	122  14310.4             
204  	123  14310.3             
204  	124  14310.3             
204  	125  14310.3             
204  	126  14310.4             
204  	127  14310.4             
204  	128  14310.4             
204  	129  14310.3             
204  	130  14310.4             
204  	131  14310.3             
204  	132  14310.4             
204  	133  14310.4             
204  	134  14310.4             
204  	135  14310.4             
204  	136  14310.4             
204  	137  14310.4             
204  	138  14310.4             
204  	139  14310.4             
204  	140  14310.4             
204  	141  14310.4             
204  	142  14310.5             
204  	143  14310.5             
204  	144  14310.5             
204  	145  14310.5             
204  	146  14310.5             
204  	147  14310.6             
204  	148  14310.5             
204  	149  14310.6             
204  	150  14310.6             
204  	151  14310.6             
204  	152  14310.6             
204  	153  14310.6             
204  	154  14310.6             
204  	155  14310.7             
204  	156  14310.7             
204  	157  14310.7             
204  	158  14310.7             
204  	159  14310.7             
204  	160  14310.8             
204  	161  14310.8             
204  	162  14310.8             
204  	163  14310.9             
204  	164  14310.9             
204  	165  14310.9             
204  	166  14310.9             
204  	167  14310.9             
204  	168  14311               
204  	169  14311               
204  	170  14311               
204  	171  14311               
204  	172  14311.1             
204  	173  14311.1             
204  	174  14311.1             
204  	175  14311.1             
204  	176  14311.2             
204  	177  14311.2             
204  	178  14311.2             
204  	179  14311.2             
204  	180  14311.3             
204  	181  14311.3             
204  	182  14311.4             
204  	183  14311.4             
204  	184  14311.4             
204  	185  14311.4             
204  	186  14311.5             
204  	187  14311.5             
204  	188  14311.5             
204  	189  14311.6             
204  	190  14311.6             
204  	191  14311.6             
204  	192  14311.6             
204  	193  14311.7             
204  	194  14311.7             
204  	195  14311.7             
204  	196  14311.8             
204  	197  14311.8             
204  	198  14311.9             
204  	199  14311.9             
204  	200  14311.9             
204  	201  14311.9             
204  	202  14312               
204  	203  14312               
204  	204  14312               
204  	205  14312.1             
204  	206  14312.1             
204  	207  14312.1             
204  	208  14312.2             
204  	209  14312.2             
204  	210  14312.2             
204  	211  14312.3             
204  	212  14312.3             
204  	213  14312.3             
204  	214  14312.3             
204  	215  14312.4             
204  	216  14312.4             
204  	217  14312.5             
204  	218  14312.5             
204  	219  14312.5             
204  	220  14312.6             
204  	221  14312.6             
204  	222  14312.7             
204  	223  14312.7             
204  	224  14312.7             
204  	225  14312.7             
204  	226  14312.8             
204  	227  14312.8             
204  	228  14312.8             
204  	229  14312.9             
204  	230  14312.9             
204  	231  14313               
204  	232  14313               
204  	233  14313               
204  	234  14313.1             
204  	235  14313.1             
204  	236  14313.2             
204  	237  14313.2             
204  	238  14313.2             
204  	239  14313.3             
204  	240  14313.3             
204  	241  14313.3             
204  	242  14313.4             
204  	243  14313.4             
204  	244  14313.4             
204  	245  14313.5             
204  	246  14313.5             
204  	247  14313.6             
204  	248  14313.6             
204  	249  14313.6             
204  	250  14313.7             
204  	251  14313.7             
204  	252  14313.7             
204  	253  14313.8             
204  	254  14313.8             
204  	255  14313.9             
204  	256  14313.9             
204  	257  14313.9             
204  	258  14314               
204  	259  14314               
204  	260  14314               
204  	261  14314.1             
204  	262  14314.1             
204  	263  14314.2             
204  	264  14314.2             
204  	265  14314.3             
204  	266  14314.3             
204  	267  14314.3             
204  	268  14314.3             
204  	269  14314.4             
204  	270  14314.4             
204  	271  14314.5             
204  	272  14314.5             
204  	273  14314.6             
204  	274  14314.6             
204  	275  14314.6             
204  	276  14314.6             
204  	277  14314.7             
204  	278  14314.7             
204  	279  14314.7             
204  	280  14314.8             
204  	281  14314.8             
204  	282  14314.9             
204  	283  14314.9             
204  	284  14314.9             
204  	285  14315               
204  	286  14315               
204  	287  14315.1             
204  	288  14315.1             
204  	289  14315.1             
204  	290  14315.2             
204  	291  14315.2             
204  	292  14315.2             
204  	293  14315.3             
204  	294  14315.3             
204  	295  14315.3             
204  	296  14315.4             
204  	297  14315.4             
204  	298  14315.5             
204  	299  14313.5             
