292  	0    14368.2             
292  	1    14375.8             
292  	2    14373.7             
292  	3    14372               
292  	4    14370.3             
292  	5    14368.8             
292  	6    14367.5             
292  	7    14366.4             
292  	8    14365.4             
292  	9    14364.2             
292  	10   14363.3             
292  	11   14362.4             
292  	12   14361.6             
292  	13   14360.8             
292  	14   14360.1             
292  	15   14359.5             
292  	16   14358.8             
292  	17   14358.1             
292  	18   14357.4             
292  	19   14356.8             
292  	20   14356.3             
292  	21   14355.7             
292  	22   14355.3             
292  	23   14355               
292  	24   14354.6             
292  	25   14354.2             
292  	26   14353.8             
292  	27   14353.4             
292  	28   14353.1             
292  	29   14379.7             
292  	30   14352.4             
292  	31   14352.1             
292  	32   14351.9             
292  	33   14351.6             
292  	34   14351.3             
292  	35   14351.1             
292  	36   14350.8             
292  	37   14350.6             
292  	38   14350.4             
292  	39   14350.2             
292  	40   14349.9             
292  	41   14349.7             
292  	42   14349.6             
292  	43   14349.4             
292  	44   14349.1             
292  	45   14349               
292  	46   14348.8             
292  	47   14348.7             
292  	48   14348.4             
292  	49   14348.3             
292  	50   14348.1             
292  	51   14348               
292  	52   14347.8             
292  	53   14347.7             
292  	54   14347.5             
292  	55   14347.4             
292  	56   14347.4             
292  	57   14347.2             
292  	58   14347.1             
292  	59   14347               
292  	60   14346.9             
292  	61   14346.8             
292  	62   14346.7             
292  	63   14346.6             
292  	64   14346.5             
292  	65   14346.4             
292  	66   14346.3             
292  	67   14346.2             
292  	68   14346.1             
292  	69   14346               
292  	70   14345.9             
292  	71   14345.9             
292  	72   14345.8             
292  	73   14345.7             
292  	74   14345.6             
292  	75   14345.5             
292  	76   14345.5             
292  	77   14345.4             
292  	78   14345.3             
292  	79   14345.3             
292  	80   14345.2             
292  	81   14345.2             
292  	82   14345.1             
292  	83   14345.1             
292  	84   14345               
292  	85   14345               
292  	86   14344.9             
292  	87   14344.8             
292  	88   14344.8             
292  	89   14344.7             
292  	90   14344.7             
292  	91   14344.7             
292  	92   14344.7             
292  	93   14344.6             
292  	94   14344.5             
292  	95   14344.5             
292  	96   14344.4             
292  	97   14344.4             
292  	98   14344.4             
292  	99   14344.4             
292  	100  14344.3             
292  	101  14344.3             
292  	102  14344.3             
292  	103  14344.2             
292  	104  14344.2             
292  	105  14344.2             
292  	106  14344.2             
292  	107  14344.1             
292  	108  14344.1             
292  	109  14344               
292  	110  14344               
292  	111  14344               
292  	112  14344               
292  	113  14343.9             
292  	114  14343.9             
292  	115  14343.9             
292  	116  14343.9             
292  	117  14343.9             
292  	118  14343.8             
292  	119  14343.8             
292  	120  14343.8             
292  	121  14343.9             
292  	122  14343.8             
292  	123  14343.7             
292  	124  14343.7             
292  	125  14343.7             
292  	126  14343.7             
292  	127  14343.7             
292  	128  14343.7             
292  	129  14343.6             
292  	130  14343.6             
292  	131  14343.6             
292  	132  14343.6             
292  	133  14343.6             
292  	134  14343.6             
292  	135  14343.6             
292  	136  14343.6             
292  	137  14343.6             
292  	138  14343.5             
292  	139  14343.5             
292  	140  14343.5             
292  	141  14343.5             
292  	142  14343.5             
292  	143  14343.5             
292  	144  14343.5             
292  	145  14343.5             
292  	146  14343.5             
292  	147  14343.5             
292  	148  14343.4             
292  	149  14343.4             
292  	150  14343.4             
292  	151  14343.4             
292  	152  14343.4             
292  	153  14343.4             
292  	154  14343.4             
292  	155  14343.4             
292  	156  14343.4             
292  	157  14343.4             
292  	158  14343.4             
292  	159  14343.4             
292  	160  14343.4             
292  	161  14343.4             
292  	162  14343.4             
292  	163  14343.4             
292  	164  14343.4             
292  	165  14343.3             
292  	166  14343.3             
292  	167  14343.3             
292  	168  14343.3             
292  	169  14343.3             
292  	170  14343.4             
292  	171  14343.3             
292  	172  14343.3             
292  	173  14343.3             
292  	174  14343.3             
292  	175  14343.4             
292  	176  14343.3             
292  	177  14343.3             
292  	178  14343.3             
292  	179  14343.3             
292  	180  14343.3             
292  	181  14343.3             
292  	182  14343.3             
292  	183  14343.3             
292  	184  14343.3             
292  	185  14343.3             
292  	186  14343.3             
292  	187  14343.3             
292  	188  14343.4             
292  	189  14343.3             
292  	190  14343.3             
292  	191  14343.3             
292  	192  14343.4             
292  	193  14343.4             
292  	194  14343.3             
292  	195  14343.4             
292  	196  14343.3             
292  	197  14343.3             
292  	198  14343.3             
292  	199  14343.3             
292  	200  14343.4             
292  	201  14343.4             
292  	202  14343.4             
292  	203  14343.4             
292  	204  14343.4             
292  	205  14343.4             
292  	206  14343.4             
292  	207  14343.4             
292  	208  14343.4             
292  	209  14343.4             
292  	210  14343.4             
292  	211  14343.4             
292  	212  14343.4             
292  	213  14343.4             
292  	214  14343.4             
292  	215  14343.4             
292  	216  14343.4             
292  	217  14343.4             
292  	218  14343.4             
292  	219  14343.4             
292  	220  14343.4             
292  	221  14343.4             
292  	222  14343.4             
292  	223  14343.5             
292  	224  14343.4             
292  	225  14343.5             
292  	226  14343.5             
292  	227  14343.5             
292  	228  14343.4             
292  	229  14343.5             
292  	230  14343.5             
292  	231  14343.5             
292  	232  14343.5             
292  	233  14343.5             
292  	234  14343.5             
292  	235  14343.5             
292  	236  14343.5             
292  	237  14343.5             
292  	238  14343.5             
292  	239  14343.5             
292  	240  14343.5             
292  	241  14343.5             
292  	242  14343.6             
292  	243  14343.6             
292  	244  14343.6             
292  	245  14343.6             
292  	246  14343.6             
292  	247  14343.6             
292  	248  14343.6             
292  	249  14343.6             
292  	250  14343.6             
292  	251  14343.6             
292  	252  14343.6             
292  	253  14343.6             
292  	254  14343.6             
292  	255  14343.6             
292  	256  14343.6             
292  	257  14343.6             
292  	258  14343.6             
292  	259  14343.6             
292  	260  14343.7             
292  	261  14343.7             
292  	262  14343.7             
292  	263  14343.7             
292  	264  14343.7             
292  	265  14343.7             
292  	266  14343.7             
292  	267  14343.7             
292  	268  14343.7             
292  	269  14343.7             
292  	270  14343.7             
292  	271  14343.7             
292  	272  14343.7             
292  	273  14343.7             
292  	274  14343.7             
292  	275  14343.7             
292  	276  14343.7             
292  	277  14343.8             
292  	278  14343.8             
292  	279  14343.8             
292  	280  14343.8             
292  	281  14343.8             
292  	282  14343.8             
292  	283  14343.8             
292  	284  14343.8             
292  	285  14343.8             
292  	286  14343.8             
292  	287  14343.8             
292  	288  14343.8             
292  	289  14343.8             
292  	290  14343.9             
292  	291  14343.8             
292  	292  14343.9             
292  	293  14343.9             
292  	294  14343.9             
292  	295  14343.9             
292  	296  14343.9             
292  	297  14343.9             
292  	298  14343.9             
292  	299  14341.6             
