139  	0    14354.9             
139  	1    14358.2             
139  	2    14351.8             
139  	3    14346.4             
139  	4    14341.7             
139  	5    14337.5             
139  	6    14333.8             
139  	7    14330.5             
139  	8    14327.5             
139  	9    14324.9             
139  	10   14322.5             
139  	11   14320.2             
139  	12   14318.3             
139  	13   14316.4             
139  	14   14314.6             
139  	15   14313               
139  	16   14311.5             
139  	17   14310.2             
139  	18   14308.8             
139  	19   14307.6             
139  	20   14306.5             
139  	21   14305.5             
139  	22   14304.6             
139  	23   14303.7             
139  	24   14302.8             
139  	25   14302               
139  	26   14301.2             
139  	27   14300.6             
139  	28   14300               
139  	29   14299.4             
139  	30   14298.9             
139  	31   14298.4             
139  	32   14297.9             
139  	33   14297.4             
139  	34   14297               
139  	35   14296.6             
139  	36   14296.4             
139  	37   14295.9             
139  	38   14295.6             
139  	39   14295.3             
139  	40   14295               
139  	41   14294.7             
139  	42   14294.5             
139  	43   14294.2             
139  	44   14294.1             
139  	45   14293.8             
139  	46   14293.7             
139  	47   14293.5             
139  	48   14293.3             
139  	49   14293.2             
139  	50   14293               
139  	51   14292.9             
139  	52   14292.7             
139  	53   14292.6             
139  	54   14292.5             
139  	55   14292.4             
139  	56   14292.3             
139  	57   14292.2             
139  	58   14292.1             
139  	59   14292               
139  	60   14291.9             
139  	61   14291.8             
139  	62   14291.8             
139  	63   14291.7             
139  	64   14291.6             
139  	65   14291.6             
139  	66   14291.6             
139  	67   14291.5             
139  	68   14291.5             
139  	69   14291.4             
139  	70   14291.4             
139  	71   14291.3             
139  	72   14291.3             
139  	73   14291.3             
139  	74   14291.2             
139  	75   14291.2             
139  	76   14291.2             
139  	77   14291.2             
139  	78   14291.2             
139  	79   14291.2             
139  	80   14291.1             
139  	81   14291.1             
139  	82   14291.1             
139  	83   14291.1             
139  	84   14291.1             
139  	85   14291.1             
139  	86   14291.1             
139  	87   14291.1             
139  	88   14291.1             
139  	89   14291.1             
139  	90   14291.1             
139  	91   14291.1             
139  	92   14291.1             
139  	93   14291.1             
139  	94   14291.1             
139  	95   14291.2             
139  	96   14291.2             
139  	97   14291.2             
139  	98   14291.2             
139  	99   14291.2             
139  	100  14291.2             
139  	101  14291.3             
139  	102  14291.3             
139  	103  14291.3             
139  	104  14291.3             
139  	105  14291.3             
139  	106  14291.3             
139  	107  14291.4             
139  	108  14291.4             
139  	109  14291.4             
139  	110  14291.4             
139  	111  14291.4             
139  	112  14291.5             
139  	113  14291.5             
139  	114  14291.5             
139  	115  14291.5             
139  	116  14291.6             
139  	117  14291.6             
139  	118  14291.6             
139  	119  14291.7             
139  	120  14291.7             
139  	121  14291.7             
139  	122  14291.8             
139  	123  14291.8             
139  	124  14291.8             
139  	125  14291.8             
139  	126  14291.9             
139  	127  14291.9             
139  	128  14292               
139  	129  14292               
139  	130  14292.1             
139  	131  14292.1             
139  	132  14292.1             
139  	133  14292.2             
139  	134  14292.2             
139  	135  14292.3             
139  	136  14292.3             
139  	137  14292.4             
139  	138  14292.4             
139  	139  14292.4             
139  	140  14292.5             
139  	141  14292.5             
139  	142  14292.6             
139  	143  14292.6             
139  	144  14292.7             
139  	145  14292.7             
139  	146  14292.8             
139  	147  14292.8             
139  	148  14292.9             
139  	149  14292.9             
139  	150  14293               
139  	151  14293               
139  	152  14293.1             
139  	153  14293.1             
139  	154  14293.2             
139  	155  14293.2             
139  	156  14293.3             
139  	157  14293.4             
139  	158  14293.4             
139  	159  14293.5             
139  	160  14293.5             
139  	161  14293.6             
139  	162  14293.6             
139  	163  14293.7             
139  	164  14293.8             
139  	165  14293.8             
139  	166  14293.9             
139  	167  14293.9             
139  	168  14294               
139  	169  14294.1             
139  	170  14294.2             
139  	171  14294.2             
139  	172  14294.2             
139  	173  14294.3             
139  	174  14294.4             
139  	175  14294.4             
139  	176  14294.5             
139  	177  14294.5             
139  	178  14294.6             
139  	179  14294.7             
139  	180  14294.7             
139  	181  14294.8             
139  	182  14294.9             
139  	183  14294.9             
139  	184  14295               
139  	185  14295.1             
139  	186  14295.1             
139  	187  14295.2             
139  	188  14295.3             
139  	189  14295.3             
139  	190  14295.4             
139  	191  14295.5             
139  	192  14295.5             
139  	193  14295.6             
139  	194  14295.7             
139  	195  14295.8             
139  	196  14295.8             
139  	197  14295.9             
139  	198  14296               
139  	199  14296               
139  	200  14296.1             
139  	201  14296.2             
139  	202  14296.2             
139  	203  14296.3             
139  	204  14296.4             
139  	205  14296.5             
139  	206  14296.5             
139  	207  14296.6             
139  	208  14296.7             
139  	209  14296.8             
139  	210  14296.8             
139  	211  14296.9             
139  	212  14296.9             
139  	213  14297               
139  	214  14297.1             
139  	215  14297.2             
139  	216  14297.3             
139  	217  14297.3             
139  	218  14297.4             
139  	219  14297.5             
139  	220  14297.6             
139  	221  14297.6             
139  	222  14297.7             
139  	223  14297.8             
139  	224  14297.9             
139  	225  14298               
139  	226  14298               
139  	227  14298.1             
139  	228  14298.2             
139  	229  14298.3             
139  	230  14298.4             
139  	231  14298.4             
139  	232  14298.5             
139  	233  14298.6             
139  	234  14298.7             
139  	235  14298.8             
139  	236  14298.9             
139  	237  14298.9             
139  	238  14299               
139  	239  14299               
139  	240  14299.1             
139  	241  14299.2             
139  	242  14299.3             
139  	243  14299.4             
139  	244  14299.4             
139  	245  14299.5             
139  	246  14299.6             
139  	247  14299.7             
139  	248  14299.7             
139  	249  14299.8             
139  	250  14299.9             
139  	251  14300               
139  	252  14300.1             
139  	253  14300.1             
139  	254  14300.2             
139  	255  14300.3             
139  	256  14300.4             
139  	257  14300.5             
139  	258  14300.5             
139  	259  14300.6             
139  	260  14300.7             
139  	261  14300.7             
139  	262  14300.8             
139  	263  14300.9             
139  	264  14301               
139  	265  14301.1             
139  	266  14301.2             
139  	267  14301.2             
139  	268  14301.3             
139  	269  14301.4             
139  	270  14301.5             
139  	271  14301.6             
139  	272  14301.6             
139  	273  14301.7             
139  	274  14301.8             
139  	275  14301.9             
139  	276  14302               
139  	277  14302               
139  	278  14302.1             
139  	279  14302.2             
139  	280  14302.3             
139  	281  14302.4             
139  	282  14302.4             
139  	283  14302.5             
139  	284  14302.6             
139  	285  14302.7             
139  	286  14302.7             
139  	287  14302.8             
139  	288  14302.9             
139  	289  14303               
139  	290  14303.1             
139  	291  14303.2             
139  	292  14303.2             
139  	293  14303.3             
139  	294  14303.4             
139  	295  14303.5             
139  	296  14303.5             
139  	297  14303.7             
139  	298  14303.7             
139  	299  14302.7             
