258  	0    14369               
258  	1    14376.1             
258  	2    14373.2             
258  	3    14370.9             
258  	4    14368.7             
258  	5    14366.7             
258  	6    14364.8             
258  	7    14363.2             
258  	8    14361.7             
258  	9    14360.2             
258  	10   14358.9             
258  	11   14357.7             
258  	12   14356.6             
258  	13   14355.5             
258  	14   14354.5             
258  	15   14353.5             
258  	16   14352.6             
258  	17   14351.7             
258  	18   14350.9             
258  	19   14350.1             
258  	20   14349.4             
258  	21   14348.7             
258  	22   14348.1             
258  	23   14347.5             
258  	24   14347               
258  	25   14346.5             
258  	26   14345.9             
258  	27   14345.4             
258  	28   14345               
258  	29   14344.5             
258  	30   14344.1             
258  	31   14343.7             
258  	32   14343.3             
258  	33   14342.9             
258  	34   14342.6             
258  	35   14345               
258  	36   14341.9             
258  	37   14342               
258  	38   14341.3             
258  	39   14341               
258  	40   14340.7             
258  	41   14340.4             
258  	42   14340.3             
258  	43   14340               
258  	44   14339.7             
258  	45   14339.5             
258  	46   14339.3             
258  	47   14339               
258  	48   14338.8             
258  	49   14339.2             
258  	50   14338.4             
258  	51   14338.3             
258  	52   14338               
258  	53   14337.8             
258  	54   14337.6             
258  	55   14337.5             
258  	56   14337.3             
258  	57   14337.2             
258  	58   14337               
258  	59   14336.9             
258  	60   14336.7             
258  	61   14336.6             
258  	62   14336.5             
258  	63   14336.4             
258  	64   14336.2             
258  	65   14336.2             
258  	66   14336               
258  	67   14335.9             
258  	68   14335.8             
258  	69   14335.7             
258  	70   14335.6             
258  	71   14335.5             
258  	72   14335.4             
258  	73   14335.3             
258  	74   14335.2             
258  	75   14335.1             
258  	76   14335               
258  	77   14335               
258  	78   14334.9             
258  	79   14334.8             
258  	80   14334.8             
258  	81   14334.7             
258  	82   14334.6             
258  	83   14334.5             
258  	84   14334.5             
258  	85   14334.4             
258  	86   14334.3             
258  	87   14334.3             
258  	88   14334.2             
258  	89   14334.2             
258  	90   14334.1             
258  	91   14334               
258  	92   14334               
258  	93   14334               
258  	94   14333.9             
258  	95   14333.9             
258  	96   14333.8             
258  	97   14333.8             
258  	98   14333.8             
258  	99   14333.7             
258  	100  14333.7             
258  	101  14333.6             
258  	102  14333.6             
258  	103  14333.6             
258  	104  14333.5             
258  	105  14333.5             
258  	106  14333.4             
258  	107  14333.4             
258  	108  14333.4             
258  	109  14333.4             
258  	110  14333.4             
258  	111  14333.3             
258  	112  14333.3             
258  	113  14333.3             
258  	114  14333.3             
258  	115  14333.2             
258  	116  14333.2             
258  	117  14333.2             
258  	118  14333.1             
258  	119  14333.2             
258  	120  14333.2             
258  	121  14333.1             
258  	122  14333.1             
258  	123  14333.1             
258  	124  14333.1             
258  	125  14333               
258  	126  14333               
258  	127  14333               
258  	128  14333               
258  	129  14333               
258  	130  14333               
258  	131  14333.1             
258  	132  14333               
258  	133  14333               
258  	134  14333               
258  	135  14333               
258  	136  14332.9             
258  	137  14332.9             
258  	138  14332.9             
258  	139  14332.9             
258  	140  14332.9             
258  	141  14332.9             
258  	142  14332.9             
258  	143  14332.9             
258  	144  14332.9             
258  	145  14332.9             
258  	146  14332.9             
258  	147  14332.9             
258  	148  14332.9             
258  	149  14332.9             
258  	150  14332.9             
258  	151  14332.9             
258  	152  14332.9             
258  	153  14332.9             
258  	154  14332.9             
258  	155  14332.9             
258  	156  14332.9             
258  	157  14332.9             
258  	158  14332.9             
258  	159  14332.9             
258  	160  14332.9             
258  	161  14332.9             
258  	162  14332.9             
258  	163  14332.9             
258  	164  14332.9             
258  	165  14332.9             
258  	166  14332.9             
258  	167  14332.9             
258  	168  14332.9             
258  	169  14332.9             
258  	170  14333               
258  	171  14333               
258  	172  14333               
258  	173  14333               
258  	174  14333               
258  	175  14333               
258  	176  14333               
258  	177  14333               
258  	178  14333               
258  	179  14333               
258  	180  14333               
258  	181  14333               
258  	182  14333.1             
258  	183  14333.1             
258  	184  14333.1             
258  	185  14333.1             
258  	186  14333.1             
258  	187  14333.1             
258  	188  14333.1             
258  	189  14333.1             
258  	190  14333.1             
258  	191  14333.1             
258  	192  14333.2             
258  	193  14333.1             
258  	194  14333.2             
258  	195  14333.2             
258  	196  14333.2             
258  	197  14333.2             
258  	198  14333.2             
258  	199  14333.2             
258  	200  14333.2             
258  	201  14333.3             
258  	202  14333.3             
258  	203  14333.3             
258  	204  14333.3             
258  	205  14333.3             
258  	206  14333.3             
258  	207  14333.3             
258  	208  14333.3             
258  	209  14333.3             
258  	210  14333.4             
258  	211  14333.4             
258  	212  14333.4             
258  	213  14333.4             
258  	214  14333.4             
258  	215  14333.4             
258  	216  14333.4             
258  	217  14333.4             
258  	218  14333.5             
258  	219  14333.5             
258  	220  14333.5             
258  	221  14333.5             
258  	222  14333.5             
258  	223  14333.5             
258  	224  14333.5             
258  	225  14333.6             
258  	226  14333.6             
258  	227  14333.6             
258  	228  14333.6             
258  	229  14333.6             
258  	230  14333.6             
258  	231  14333.7             
258  	232  14333.6             
258  	233  14333.7             
258  	234  14333.7             
258  	235  14333.7             
258  	236  14333.7             
258  	237  14333.7             
258  	238  14333.7             
258  	239  14333.8             
258  	240  14333.8             
258  	241  14333.8             
258  	242  14333.8             
258  	243  14333.8             
258  	244  14333.8             
258  	245  14333.8             
258  	246  14333.9             
258  	247  14333.9             
258  	248  14333.9             
258  	249  14333.9             
258  	250  14333.9             
258  	251  14333.9             
258  	252  14334               
258  	253  14334               
258  	254  14334               
258  	255  14334               
258  	256  14334               
258  	257  14334               
258  	258  14334.1             
258  	259  14334.1             
258  	260  14334.1             
258  	261  14334.1             
258  	262  14334.1             
258  	263  14334.1             
258  	264  14334.2             
258  	265  14334.2             
258  	266  14334.2             
258  	267  14334.2             
258  	268  14334.2             
258  	269  14334.3             
258  	270  14334.3             
258  	271  14334.3             
258  	272  14334.3             
258  	273  14334.3             
258  	274  14334.3             
258  	275  14334.3             
258  	276  14334.4             
258  	277  14334.4             
258  	278  14334.4             
258  	279  14334.4             
258  	280  14334.4             
258  	281  14334.4             
258  	282  14334.5             
258  	283  14334.5             
258  	284  14334.5             
258  	285  14334.5             
258  	286  14334.5             
258  	287  14334.5             
258  	288  14334.6             
258  	289  14334.6             
258  	290  14334.6             
258  	291  14334.6             
258  	292  14334.6             
258  	293  14334.6             
258  	294  14334.6             
258  	295  14334.7             
258  	296  14334.7             
258  	297  14334.7             
258  	298  14334.7             
258  	299  14332.5             
