235  	0    14368.3             
235  	1    14375.2             
235  	2    14371.6             
235  	3    14368.6             
235  	4    14365.8             
235  	5    14363.3             
235  	6    14361.2             
235  	7    14359.3             
235  	8    14357.4             
235  	9    14355.7             
235  	10   14354.1             
235  	11   14352.6             
235  	12   14351.1             
235  	13   14349.9             
235  	14   14348.8             
235  	15   14347.6             
235  	16   14346.5             
235  	17   14345.5             
235  	18   14344.5             
235  	19   14343.7             
235  	20   14342.8             
235  	21   14341.9             
235  	22   14341.1             
235  	23   14340.4             
235  	24   14339.7             
235  	25   14339.1             
235  	26   14338.6             
235  	27   14338               
235  	28   14337.4             
235  	29   14336.9             
235  	30   14336.3             
235  	31   14335.9             
235  	32   14335.5             
235  	33   14335               
235  	34   14334.6             
235  	35   14334.2             
235  	36   14333.8             
235  	37   14333.4             
235  	38   14333.1             
235  	39   14332.8             
235  	40   14332.4             
235  	41   14332.1             
235  	42   14331.9             
235  	43   14331.6             
235  	44   14331.3             
235  	45   14331               
235  	46   14330.7             
235  	47   14330.5             
235  	48   14330.2             
235  	49   14330               
235  	50   14329.8             
235  	51   14329.6             
235  	52   14329.3             
235  	53   14329.1             
235  	54   14328.9             
235  	55   14328.7             
235  	56   14328.6             
235  	57   14328.4             
235  	58   14328.2             
235  	59   14328.1             
235  	60   14327.9             
235  	61   14327.7             
235  	62   14327.6             
235  	63   14327.4             
235  	64   14327.3             
235  	65   14327.2             
235  	66   14327.1             
235  	67   14327               
235  	68   14326.8             
235  	69   14326.7             
235  	70   14326.6             
235  	71   14326.5             
235  	72   14326.4             
235  	73   14326.3             
235  	74   14326.2             
235  	75   14326.1             
235  	76   14326               
235  	77   14325.9             
235  	78   14325.8             
235  	79   14325.7             
235  	80   14325.7             
235  	81   14325.6             
235  	82   14325.5             
235  	83   14325.4             
235  	84   14325.4             
235  	85   14325.3             
235  	86   14325.3             
235  	87   14325.2             
235  	88   14325.1             
235  	89   14325.1             
235  	90   14325               
235  	91   14325               
235  	92   14324.9             
235  	93   14324.9             
235  	94   14324.8             
235  	95   14324.8             
235  	96   14324.7             
235  	97   14324.7             
235  	98   14324.7             
235  	99   14324.7             
235  	100  14324.6             
235  	101  14324.6             
235  	102  14324.5             
235  	103  14324.5             
235  	104  14324.5             
235  	105  14324.4             
235  	106  14324.4             
235  	107  14324.3             
235  	108  14324.3             
235  	109  14324.3             
235  	110  14324.3             
235  	111  14324.2             
235  	112  14324.2             
235  	113  14324.2             
235  	114  14324.2             
235  	115  14324.2             
235  	116  14324.2             
235  	117  14324.1             
235  	118  14324.1             
235  	119  14324.1             
235  	120  14324.1             
235  	121  14324.1             
235  	122  14324               
235  	123  14324               
235  	124  14324               
235  	125  14324               
235  	126  14324               
235  	127  14324               
235  	128  14324               
235  	129  14324               
235  	130  14324               
235  	131  14324               
235  	132  14324               
235  	133  14324               
235  	134  14324               
235  	135  14324               
235  	136  14324               
235  	137  14324               
235  	138  14324               
235  	139  14324               
235  	140  14324               
235  	141  14324               
235  	142  14324               
235  	143  14324               
235  	144  14324               
235  	145  14324               
235  	146  14324               
235  	147  14324               
235  	148  14324               
235  	149  14324               
235  	150  14324               
235  	151  14324               
235  	152  14324               
235  	153  14324               
235  	154  14324               
235  	155  14324               
235  	156  14324               
235  	157  14324               
235  	158  14324.1             
235  	159  14324.1             
235  	160  14324.1             
235  	161  14324               
235  	162  14324.1             
235  	163  14324.2             
235  	164  14324.1             
235  	165  14324.1             
235  	166  14324.2             
235  	167  14324.2             
235  	168  14324.2             
235  	169  14324.2             
235  	170  14324.2             
235  	171  14324.2             
235  	172  14324.2             
235  	173  14324.2             
235  	174  14324.3             
235  	175  14324.3             
235  	176  14324.3             
235  	177  14324.3             
235  	178  14324.3             
235  	179  14324.3             
235  	180  14324.3             
235  	181  14324.3             
235  	182  14324.4             
235  	183  14324.4             
235  	184  14324.4             
235  	185  14324.4             
235  	186  14324.4             
235  	187  14324.4             
235  	188  14324.4             
235  	189  14324.5             
235  	190  14324.5             
235  	191  14324.5             
235  	192  14324.5             
235  	193  14324.6             
235  	194  14324.6             
235  	195  14324.6             
235  	196  14324.6             
235  	197  14324.6             
235  	198  14324.7             
235  	199  14324.7             
235  	200  14324.7             
235  	201  14324.7             
235  	202  14324.7             
235  	203  14324.7             
235  	204  14324.8             
235  	205  14324.8             
235  	206  14324.8             
235  	207  14324.8             
235  	208  14324.8             
235  	209  14324.9             
235  	210  14324.9             
235  	211  14324.9             
235  	212  14324.9             
235  	213  14324.9             
235  	214  14325               
235  	215  14325               
235  	216  14325               
235  	217  14325               
235  	218  14325               
235  	219  14325.1             
235  	220  14325.1             
235  	221  14325.1             
235  	222  14325.1             
235  	223  14325.1             
235  	224  14325.2             
235  	225  14325.2             
235  	226  14325.2             
235  	227  14325.2             
235  	228  14325.3             
235  	229  14325.3             
235  	230  14325.3             
235  	231  14325.4             
235  	232  14325.4             
235  	233  14325.4             
235  	234  14325.4             
235  	235  14325.4             
235  	236  14325.5             
235  	237  14325.5             
235  	238  14325.5             
235  	239  14325.5             
235  	240  14325.6             
235  	241  14325.6             
235  	242  14325.6             
235  	243  14325.6             
235  	244  14325.6             
235  	245  14325.7             
235  	246  14325.7             
235  	247  14325.7             
235  	248  14325.7             
235  	249  14325.7             
235  	250  14325.8             
235  	251  14325.8             
235  	252  14325.9             
235  	253  14325.9             
235  	254  14325.9             
235  	255  14325.9             
235  	256  14325.9             
235  	257  14325.9             
235  	258  14326               
235  	259  14326               
235  	260  14326               
235  	261  14326               
235  	262  14326.1             
235  	263  14326.1             
235  	264  14326.1             
235  	265  14326.2             
235  	266  14326.2             
235  	267  14326.2             
235  	268  14326.2             
235  	269  14326.2             
235  	270  14326.3             
235  	271  14326.3             
235  	272  14326.3             
235  	273  14326.3             
235  	274  14326.4             
235  	275  14326.4             
235  	276  14326.4             
235  	277  14326.4             
235  	278  14326.5             
235  	279  14326.5             
235  	280  14326.5             
235  	281  14326.5             
235  	282  14326.6             
235  	283  14326.6             
235  	284  14326.6             
235  	285  14326.6             
235  	286  14326.7             
235  	287  14326.7             
235  	288  14326.7             
235  	289  14326.7             
235  	290  14326.7             
235  	291  14326.8             
235  	292  14326.8             
235  	293  14326.8             
235  	294  14326.9             
235  	295  14326.9             
235  	296  14326.9             
235  	297  14327               
235  	298  14327               
235  	299  14324.8             
