31   	0    14617.3             
31   	1    14613.5             
31   	2    14610.5             
31   	3    14607.6             
31   	4    14605               
31   	5    14603               
31   	6    14601.3             
31   	7    14599.8             
31   	8    14598.7             
31   	9    14598               
31   	10   14597.4             
31   	11   14597               
31   	12   14596.9             
31   	13   14597.1             
31   	14   14597.4             
31   	15   14597.6             
31   	16   14598.6             
31   	17   14599.7             
31   	18   14600.4             
31   	19   14601.5             
31   	20   14602.8             
31   	21   14604.4             
31   	22   14605.8             
31   	23   14607.4             
31   	24   14609               
31   	25   14610.5             
31   	26   14612.1             
31   	27   14613.7             
31   	28   14615.2             
31   	29   14616.8             
31   	30   14618.2             
31   	31   14619.7             
31   	32   14621.2             
31   	33   14622.3             
31   	34   14623.7             
31   	35   14625.1             
31   	36   14626.3             
31   	37   14627.6             
31   	38   22367.2             
31   	39   22382.9             
31   	40   22392.3             
31   	41   22406.4             
31   	42   22420.5             
31   	43   22436.5             
31   	44   19994.4             
31   	45   20008.2             
31   	46   19989.1             
31   	47   14637.9             
31   	48   14638.7             
31   	49   14639.4             
31   	50   14640.2             
31   	51   14641.4             
31   	52   14642               
31   	53   14642.5             
31   	54   14643               
31   	55   14643.4             
31   	56   14643.7             
31   	57   14644.1             
31   	58   14644.5             
31   	59   14644.8             
31   	60   14645.2             
31   	61   14645.6             
31   	62   14645.9             
31   	63   14646.3             
31   	64   14646.4             
31   	65   14646.6             
31   	66   14646.8             
31   	67   14646.9             
31   	68   14647               
31   	69   14646.7             
31   	70   14646.9             
31   	71   14647               
31   	72   14646.7             
31   	73   14646.8             
31   	74   14646.9             
31   	75   14646.8             
31   	76   14646.8             
31   	77   14646.7             
31   	78   14646.7             
31   	79   14646.4             
31   	80   14646.1             
31   	81   14645.8             
31   	82   14645.6             
31   	83   14645.4             
31   	84   14645.1             
31   	85   14645               
31   	86   14644.8             
31   	87   14644.3             
31   	88   14644.1             
31   	89   14644               
31   	90   14643.6             
31   	91   14643.1             
31   	92   14642.6             
31   	93   14642               
31   	94   14641.8             
31   	95   14641.6             
31   	96   14641               
31   	97   14640.5             
31   	98   14640.1             
31   	99   14639.5             
31   	100  14639               
31   	101  19980.2             
31   	102  22216.1             
31   	103  22218.8             
31   	104  14637.6             
31   	105  14636.9             
31   	106  19975.5             
31   	107  22217               
31   	108  22216               
31   	109  20005.3             
31   	110  22227.2             
31   	111  19972.4             
31   	112  19994.3             
31   	113  20004               
31   	114  19973.3             
31   	115  20052.3             
31   	116  19957.4             
31   	117  19988.9             
31   	118  19995.3             
31   	119  20061.8             
31   	120  19986.3             
31   	121  19986.9             
31   	122  20037.4             
31   	123  19963.5             
31   	124  19966.9             
31   	125  19958.4             
31   	126  19992.7             
31   	127  19957.4             
31   	128  19981.6             
31   	129  19985.6             
31   	130  19991               
31   	131  19955.2             
31   	132  19982               
31   	133  19968               
31   	134  19947.2             
31   	135  19971.3             
31   	136  19985               
31   	137  19961.8             
31   	138  19975.5             
31   	139  19974.7             
31   	140  19950.4             
31   	141  19975.4             
31   	142  19954.6             
31   	143  19961.6             
31   	144  19948.5             
31   	145  20022.2             
31   	146  19971.4             
31   	147  19960.7             
31   	148  19946.5             
31   	149  19978.2             
31   	150  19945.5             
31   	151  19972.5             
31   	152  19977.1             
31   	153  19938.4             
31   	154  19961.1             
31   	155  19967.5             
31   	156  19957.4             
31   	157  20103.1             
31   	158  20016.2             
31   	159  20015.8             
31   	160  19970.6             
31   	161  19946.6             
31   	162  19935               
31   	163  19940.8             
31   	164  20028.1             
31   	165  19945               
31   	166  19934.5             
31   	167  19958.3             
31   	168  19965.4             
31   	169  19956               
31   	170  20013.3             
31   	171  19964.8             
31   	172  20058               
31   	173  19937.9             
31   	174  19931.4             
31   	175  19963.1             
31   	176  19968.5             
31   	177  20023.4             
31   	178  19962.6             
31   	179  19938.1             
31   	180  19963.5             
31   	181  19965.2             
31   	182  19958.8             
31   	183  22893.9             
31   	184  19967.6             
31   	185  19945.1             
31   	186  22892.9             
31   	187  16500.8             
31   	188  20008               
31   	189  22896               
31   	190  19934.6             
31   	191  19968.1             
31   	192  19967.8             
31   	193  32804               
31   	194  16522.2             
31   	195  15476.4             
31   	196  19960.5             
31   	197  22729               
31   	198  25206.6             
31   	199  16535.5             
31   	200  33068.6             
31   	201  19948.7             
31   	202  32997.5             
31   	203  23642.4             
31   	204  15481               
31   	205  16547.2             
31   	206  33194.4             
31   	207  26635.6             
31   	208  19933.4             
31   	209  19957.3             
31   	210  19933.7             
31   	211  15482.5             
31   	212  23717               
31   	213  19950.2             
31   	214  19946.4             
31   	215  16559.8             
31   	216  25932.6             
31   	217  19933.3             
31   	218  33400.3             
31   	219  26141.7             
31   	220  19933.3             
31   	221  33577.1             
31   	222  26106.1             
31   	223  24766.4             
31   	224  33609               
31   	225  16580.6             
31   	226  16581.7             
31   	227  26286.5             
31   	228  25762               
31   	229  22887.3             
31   	230  19928.7             
31   	231  23885.6             
31   	232  16590.7             
31   	233  19934.1             
31   	234  33998.5             
31   	235  26271.5             
31   	236  24086.8             
31   	237  33936.7             
31   	238  16615               
31   	239  33972.5             
31   	240  15494.8             
31   	241  15494.6             
31   	242  15495.5             
31   	243  16611.7             
31   	244  24582               
31   	245  34200.3             
31   	246  22918.9             
31   	247  34151.7             
31   	248  34279.7             
31   	249  24892.7             
31   	250  16626.9             
31   	251  34138.8             
31   	252  15499               
31   	253  26055.5             
31   	254  24345.4             
31   	255  34535.3             
31   	256  27083.1             
31   	257  16634.2             
31   	258  15499.5             
31   	259  16642.3             
31   	260  34630.6             
31   	261  24798.7             
31   	262  15503.8             
31   	263  16644.5             
31   	264  15504               
31   	265  16652.9             
31   	266  34634.1             
31   	267  24673.8             
31   	268  24397.3             
31   	269  26882               
31   	270  22930.2             
31   	271  15505.8             
31   	272  27184.5             
31   	273  26707               
31   	274  34818.7             
31   	275  27373.1             
31   	276  24662.3             
31   	277  15509.5             
31   	278  16665.9             
31   	279  35034               
31   	280  34939               
31   	281  15510.6             
31   	282  27012.5             
31   	283  16672.3             
31   	284  22934.4             
31   	285  24755.9             
31   	286  35153.2             
31   	287  16666.3             
31   	288  27105.8             
31   	289  16673.9             
31   	290  35168.2             
31   	291  35149.6             
31   	292  35252.3             
31   	293  19965.4             
31   	294  35133.1             
31   	295  20010.9             
31   	296  20700.1             
31   	297  27512.3             
31   	298  35147.2             
31   	299  19973.3             
