230  	0    14368               
230  	1    14374.7             
230  	2    14371               
230  	3    14367.9             
230  	4    14365.1             
230  	5    14362.4             
230  	6    14360.1             
230  	7    14358.1             
230  	8    14356.3             
230  	9    14354.5             
230  	10   14352.8             
230  	11   14351.3             
230  	12   14349.7             
230  	13   14348.5             
230  	14   14347.4             
230  	15   14346.1             
230  	16   14345               
230  	17   14343.9             
230  	18   14342.9             
230  	19   14342.1             
230  	20   14341.2             
230  	21   14340.2             
230  	22   14339.4             
230  	23   14338.7             
230  	24   14338               
230  	25   14337.4             
230  	26   14336.7             
230  	27   14336.1             
230  	28   14335.6             
230  	29   14335               
230  	30   14334.5             
230  	31   14334               
230  	32   14333.5             
230  	33   14333.1             
230  	34   14332.7             
230  	35   14332.2             
230  	36   14331.8             
230  	37   14331.5             
230  	38   14331.1             
230  	39   14330.8             
230  	40   14330.4             
230  	41   14330.1             
230  	42   14329.9             
230  	43   14329.5             
230  	44   14329.2             
230  	45   14329               
230  	46   14328.7             
230  	47   14328.4             
230  	48   14328.2             
230  	49   14327.9             
230  	50   14327.7             
230  	51   14327.4             
230  	52   14327.3             
230  	53   14327.1             
230  	54   14326.9             
230  	55   14326.6             
230  	56   14326.5             
230  	57   14326.3             
230  	58   14326.1             
230  	59   14326               
230  	60   14325.8             
230  	61   14325.6             
230  	62   14325.5             
230  	63   14325.3             
230  	64   14325.2             
230  	65   14325.1             
230  	66   14325               
230  	67   14324.8             
230  	68   14324.7             
230  	69   14324.6             
230  	70   14324.5             
230  	71   14324.3             
230  	72   14324.2             
230  	73   14324.1             
230  	74   14324               
230  	75   14323.9             
230  	76   14323.9             
230  	77   14323.8             
230  	78   14323.7             
230  	79   14323.6             
230  	80   14323.6             
230  	81   14323.5             
230  	82   14323.4             
230  	83   14323.4             
230  	84   14323.5             
230  	85   14323.2             
230  	86   14323.1             
230  	87   14323               
230  	88   14323               
230  	89   14322.9             
230  	90   14322.9             
230  	91   14322.8             
230  	92   14322.8             
230  	93   14322.7             
230  	94   14322.7             
230  	95   14322.6             
230  	96   14322.6             
230  	97   14322.6             
230  	98   14322.5             
230  	99   14322.5             
230  	100  14322.4             
230  	101  14322.4             
230  	102  14322.4             
230  	103  14322.4             
230  	104  14322.4             
230  	105  14322.3             
230  	106  14322.2             
230  	107  14322.2             
230  	108  14322.2             
230  	109  14322.2             
230  	110  14322.1             
230  	111  14322.1             
230  	112  14322.1             
230  	113  14322               
230  	114  14322               
230  	115  14322               
230  	116  14322               
230  	117  14322               
230  	118  14322               
230  	119  14322               
230  	120  14322               
230  	121  14322               
230  	122  14321.9             
230  	123  14321.9             
230  	124  14321.9             
230  	125  14321.9             
230  	126  14321.9             
230  	127  14321.9             
230  	128  14321.9             
230  	129  14321.9             
230  	130  14321.9             
230  	131  14321.8             
230  	132  14321.9             
230  	133  14321.9             
230  	134  14321.9             
230  	135  14321.8             
230  	136  14321.9             
230  	137  14321.9             
230  	138  14321.9             
230  	139  14321.9             
230  	140  14321.9             
230  	141  14321.9             
230  	142  14321.9             
230  	143  14321.9             
230  	144  14321.9             
230  	145  14321.9             
230  	146  14321.9             
230  	147  14321.9             
230  	148  14321.9             
230  	149  14321.9             
230  	150  14321.9             
230  	151  14321.9             
230  	152  14321.9             
230  	153  14321.9             
230  	154  14321.9             
230  	155  14321.9             
230  	156  14322               
230  	157  14321.9             
230  	158  14322               
230  	159  14322               
230  	160  14322               
230  	161  14322               
230  	162  14322               
230  	163  14322               
230  	164  14322.1             
230  	165  14322.1             
230  	166  14322.1             
230  	167  14322.1             
230  	168  14322.1             
230  	169  14322.1             
230  	170  14322.1             
230  	171  14322.2             
230  	172  14322.2             
230  	173  14322.2             
230  	174  14322.2             
230  	175  14322.2             
230  	176  14322.2             
230  	177  14322.2             
230  	178  14322.3             
230  	179  14322.3             
230  	180  14322.3             
230  	181  14322.3             
230  	182  14322.3             
230  	183  14322.3             
230  	184  14322.4             
230  	185  14322.4             
230  	186  14322.4             
230  	187  14322.4             
230  	188  14322.5             
230  	189  14322.5             
230  	190  14322.5             
230  	191  14322.5             
230  	192  14322.5             
230  	193  14322.5             
230  	194  14322.6             
230  	195  14322.6             
230  	196  14322.6             
230  	197  14322.6             
230  	198  14322.6             
230  	199  14322.7             
230  	200  14322.7             
230  	201  14322.7             
230  	202  14322.7             
230  	203  14322.7             
230  	204  14322.8             
230  	205  14322.8             
230  	206  14322.8             
230  	207  14322.8             
230  	208  14322.9             
230  	209  14322.9             
230  	210  14322.9             
230  	211  14322.9             
230  	212  14323               
230  	213  14323               
230  	214  14323               
230  	215  14323               
230  	216  14323.1             
230  	217  14323.1             
230  	218  14323.1             
230  	219  14323.1             
230  	220  14323.1             
230  	221  14323.1             
230  	222  14323.2             
230  	223  14323.2             
230  	224  14323.2             
230  	225  14323.3             
230  	226  14323.3             
230  	227  14323.3             
230  	228  14323.3             
230  	229  14323.3             
230  	230  14323.3             
230  	231  14323.4             
230  	232  14323.4             
230  	233  14323.4             
230  	234  14323.5             
230  	235  14323.5             
230  	236  14323.5             
230  	237  14323.5             
230  	238  14323.6             
230  	239  14323.6             
230  	240  14323.6             
230  	241  14323.6             
230  	242  14323.7             
230  	243  14323.7             
230  	244  14323.7             
230  	245  14323.8             
230  	246  14323.8             
230  	247  14323.8             
230  	248  14323.8             
230  	249  14323.9             
230  	250  14323.9             
230  	251  14323.9             
230  	252  14323.9             
230  	253  14324               
230  	254  14324               
230  	255  14324               
230  	256  14324               
230  	257  14324               
230  	258  14324.1             
230  	259  14324.1             
230  	260  14324.2             
230  	261  14324.2             
230  	262  14324.2             
230  	263  14324.2             
230  	264  14324.3             
230  	265  14324.3             
230  	266  14324.3             
230  	267  14324.3             
230  	268  14324.4             
230  	269  14324.4             
230  	270  14324.4             
230  	271  14324.4             
230  	272  14324.4             
230  	273  14324.5             
230  	274  14324.5             
230  	275  14324.5             
230  	276  14324.6             
230  	277  14324.6             
230  	278  14324.6             
230  	279  14324.7             
230  	280  14324.7             
230  	281  14324.7             
230  	282  14324.7             
230  	283  14324.7             
230  	284  14324.8             
230  	285  14324.8             
230  	286  14324.8             
230  	287  14324.9             
230  	288  14324.9             
230  	289  14324.9             
230  	290  14324.9             
230  	291  14325               
230  	292  14325               
230  	293  14325               
230  	294  14325.1             
230  	295  14325.1             
230  	296  14325.1             
230  	297  14325.1             
230  	298  14325.2             
230  	299  14323               
