292  	0    15000.6             
292  	1    15000.8             
292  	2    15001.1             
292  	3    15001.5             
292  	4    15001.9             
292  	5    15002.3             
292  	6    15002.8             
292  	7    15003.3             
292  	8    15003.7             
292  	9    15004               
292  	10   15004.2             
292  	11   15004.1             
292  	12   15003.7             
292  	13   15002.9             
292  	14   15001.6             
292  	15   15000.2             
292  	16   14998.8             
292  	17   14997.8             
292  	18   14997.7             
292  	19   14998.4             
292  	20   14999.4             
292  	21   15000.1             
292  	22   15000               
292  	23   14998.1             
292  	24   14996.5             
292  	25   14996.3             
292  	26   14999.8             
292  	27   15007.6             
292  	28   15019.8             
292  	29   15025.9             
292  	30   15023               
292  	31   15006.6             
292  	32   14994.2             
292  	33   15002.2             
292  	34   15009.4             
292  	35   14994.1             
292  	36   14995               
292  	37   15024.1             
292  	38   15018               
292  	39   14994.3             
292  	40   14996.7             
292  	41   14984.8             
292  	42   14984.8             
292  	43   15013.7             
292  	44   14977.9             
292  	45   14974.3             
292  	46   14973.5             
292  	47   14970.9             
292  	48   14965.7             
292  	49   14959.3             
292  	50   14952.2             
292  	51   14950.8             
292  	52   14940.5             
292  	53   14929.4             
292  	54   14921.3             
292  	55   14921.4             
292  	56   14913.3             
292  	57   14902.7             
292  	58   14890.6             
292  	59   14881.5             
292  	60   14876               
292  	61   14871.2             
292  	62   14874               
292  	63   14881.2             
292  	64   14889.6             
292  	65   14905.1             
292  	66   14924               
292  	67   14940               
292  	68   14953               
292  	69   14963.9             
292  	70   14969.1             
292  	71   14973.1             
292  	72   14978               
292  	73   14974.8             
292  	74   14967.8             
292  	75   14960.3             
292  	76   14953.1             
292  	77   14938.1             
292  	78   14924.1             
292  	79   14924.1             
292  	80   14929.2             
292  	81   14938.6             
292  	82   14946.5             
292  	83   14947.6             
292  	84   14946.3             
292  	85   14938.8             
292  	86   14934.6             
292  	87   14933.5             
292  	88   14934.4             
292  	89   14937.2             
292  	90   14941.3             
292  	91   14932.3             
292  	92   14932.4             
292  	93   14939.7             
292  	94   14934.3             
292  	95   14933.6             
292  	96   14936.5             
292  	97   14933.8             
292  	98   14933.3             
292  	99   14934.5             
292  	100  14934               
292  	101  14933.7             
292  	102  14933.2             
292  	103  14934.3             
292  	104  14934.8             
292  	105  14934.5             
292  	106  14934               
292  	107  14933.8             
292  	108  14934               
292  	109  14934.2             
292  	110  14934.5             
292  	111  14934.7             
292  	112  14934.7             
292  	113  14934.8             
292  	114  14934.9             
292  	115  14934.7             
292  	116  14934.7             
292  	117  14934.9             
292  	118  14935.4             
292  	119  14935.9             
292  	120  14936               
292  	121  14935.7             
292  	122  14935.7             
292  	123  14936.1             
292  	124  14936.4             
292  	125  14936.8             
292  	126  14937.4             
292  	127  14937.8             
292  	128  14938.3             
292  	129  14938.7             
292  	130  14939.3             
292  	131  14940.1             
292  	132  14940.9             
292  	133  14941.7             
292  	134  14953.7             
292  	135  14943.7             
292  	136  14944.9             
292  	137  14946.3             
292  	138  14948               
292  	139  14949.7             
292  	140  14951.6             
292  	141  14954               
292  	142  14956.4             
292  	143  14958.9             
292  	144  14961.7             
292  	145  14964.4             
292  	146  14967.2             
292  	147  14970               
292  	148  14973               
292  	149  14976.1             
292  	150  14979.2             
292  	151  14982.5             
292  	152  14985.9             
292  	153  14989.4             
292  	154  14992.9             
292  	155  14996.5             
292  	156  15000.1             
292  	157  15003.7             
292  	158  15007.2             
292  	159  15010.7             
292  	160  15014.1             
292  	161  15017.5             
292  	162  15020.7             
292  	163  15023.9             
292  	164  15027.1             
292  	165  15030.1             
292  	166  15033               
292  	167  15035.7             
292  	168  15037.9             
292  	169  15039.6             
292  	170  15040.7             
292  	171  15040.7             
292  	172  15040.1             
292  	173  15039.2             
292  	174  15037.9             
292  	175  15036.7             
292  	176  15035.4             
292  	177  15034.1             
292  	178  15033.2             
292  	179  15032.9             
292  	180  15033.7             
292  	181  15033.8             
292  	182  15033.4             
292  	183  15030.7             
292  	184  15027.1             
292  	185  15022.9             
292  	186  15019.4             
292  	187  15017.7             
292  	188  15017.6             
292  	189  15016.5             
292  	190  15012.2             
292  	191  15005.7             
292  	192  15000.9             
292  	193  14999.2             
292  	194  14999.8             
292  	195  14996.8             
292  	196  14994.5             
292  	197  14993.1             
292  	198  14993.1             
292  	199  14992.6             
292  	200  14991.6             
292  	201  14990.5             
292  	202  14988.9             
292  	203  14986.8             
292  	204  14985.1             
292  	205  14984.2             
292  	206  14984.2             
292  	207  14984.4             
292  	208  14984.1             
292  	209  14983.1             
292  	210  14981.7             
292  	211  14981               
292  	212  14981               
292  	213  14980.6             
292  	214  14979.9             
292  	215  14978.6             
292  	216  14978.5             
292  	217  14977.6             
292  	218  14976.6             
292  	219  14976               
292  	220  14976.1             
292  	221  14974.4             
292  	222  14973.7             
292  	223  14973.2             
292  	224  14972.8             
292  	225  14972               
292  	226  14971.2             
292  	227  14970.4             
292  	228  14969.9             
292  	229  14969.5             
292  	230  14969.3             
292  	231  14968.9             
292  	232  14968.4             
292  	233  14968               
292  	234  14967.7             
292  	235  14967.4             
292  	236  14967.1             
292  	237  14966.8             
292  	238  14966.5             
292  	239  14966.2             
292  	240  14965.9             
292  	241  14965.6             
292  	242  14965.5             
292  	243  14965.3             
292  	244  14965               
292  	245  14964.7             
292  	246  14964.5             
292  	247  14964.2             
292  	248  14963.9             
292  	249  14963.7             
292  	250  14963.5             
292  	251  14963.2             
292  	252  14962.9             
292  	253  14962.6             
292  	254  14962.3             
292  	255  14962               
292  	256  14961.7             
292  	257  14961.4             
292  	258  14961               
292  	259  14960.6             
292  	260  14960.2             
292  	261  14959.7             
292  	262  14959.3             
292  	263  14958.9             
292  	264  14958.4             
292  	265  14957.9             
292  	266  14957.4             
292  	267  14956.9             
292  	268  14956.3             
292  	269  14955.8             
292  	270  14955.2             
292  	271  14954.6             
292  	272  14954               
292  	273  14953.4             
292  	274  14952.7             
292  	275  14952.1             
292  	276  14951.5             
292  	277  14950.8             
292  	278  14950.2             
292  	279  14949.5             
292  	280  14948.8             
292  	281  14948.2             
292  	282  14947.6             
292  	283  14946.9             
292  	284  14946.3             
292  	285  14945.6             
292  	286  14945               
292  	287  14944.4             
292  	288  14943.9             
292  	289  14943.3             
292  	290  14942.7             
292  	291  14942.2             
292  	292  14941.7             
292  	293  14941.2             
292  	294  14940.7             
292  	295  14940.2             
292  	296  14939.7             
292  	297  14939.3             
292  	298  14938.8             
292  	299  14938.4             
