18   	0    14999.2             
18   	1    14999.2             
18   	2    14999.2             
18   	3    14999.2             
18   	4    14999.2             
18   	5    14999.2             
18   	6    14999.3             
18   	7    14999.2             
18   	8    14999.2             
18   	9    14999.2             
18   	10   14999.2             
18   	11   14999.2             
18   	12   14999.2             
18   	13   14999.2             
18   	14   14999.2             
18   	15   14999.2             
18   	16   14999.2             
18   	17   14999.2             
18   	18   14999.2             
18   	19   14999.2             
18   	20   14999.2             
18   	21   14999.2             
18   	22   14999.2             
18   	23   14999.2             
18   	24   14999.2             
18   	25   14999.2             
18   	26   14999.2             
18   	27   14999.2             
18   	28   14999.2             
18   	29   14999.2             
18   	30   14999.2             
18   	31   14999.2             
18   	32   14999.2             
18   	33   14999.2             
18   	34   14999.2             
18   	35   14999.2             
18   	36   14999.2             
18   	37   14999.2             
18   	38   14999.2             
18   	39   14999.2             
18   	40   14999.2             
18   	41   14999.2             
18   	42   14999.2             
18   	43   14999.2             
18   	44   14999.2             
18   	45   14999.1             
18   	46   14999.2             
18   	47   14999.2             
18   	48   14999.2             
18   	49   14999.1             
18   	50   14999.1             
18   	51   14999.1             
18   	52   14999.1             
18   	53   14999.1             
18   	54   14999.1             
18   	55   14999.1             
18   	56   14999.1             
18   	57   14999.1             
18   	58   14999               
18   	59   14999               
18   	60   14999               
18   	61   14999               
18   	62   14999               
18   	63   14999               
18   	64   14999               
18   	65   14999               
18   	66   14999               
18   	67   14999.1             
18   	68   14999.1             
18   	69   14999.1             
18   	70   14999.1             
18   	71   14999.2             
18   	72   14999.2             
18   	73   14999.2             
18   	74   14999.2             
18   	75   14999.1             
18   	76   14999.1             
18   	77   14999.1             
18   	78   14999.1             
18   	79   14999.1             
18   	80   14999.1             
18   	81   14999.1             
18   	82   14999.1             
18   	83   14999.1             
18   	84   14999               
18   	85   14999               
18   	86   14999               
18   	87   14999               
18   	88   14999               
18   	89   14999               
18   	90   14999               
18   	91   14999               
18   	92   14999               
18   	93   14999               
18   	94   14999               
18   	95   14999.1             
18   	96   14999.2             
18   	97   14999.2             
18   	98   14999.2             
18   	99   14999.2             
18   	100  14999.2             
18   	101  14999.2             
18   	102  14999.2             
18   	103  14999.2             
18   	104  14999.2             
18   	105  14999.2             
18   	106  14999.2             
18   	107  14999.2             
18   	108  14999.2             
18   	109  14999.2             
18   	110  14999.2             
18   	111  14999.2             
18   	112  14999.2             
18   	113  14999.2             
18   	114  14999.2             
18   	115  14999.2             
18   	116  14999.2             
18   	117  14999.2             
18   	118  14999.2             
18   	119  14999.2             
18   	120  14999.2             
18   	121  14999.2             
18   	122  14999.2             
18   	123  14999.2             
18   	124  14999.2             
18   	125  14999.2             
18   	126  14999.2             
18   	127  14999.2             
18   	128  14999.2             
18   	129  14999.2             
18   	130  14999.2             
18   	131  14999.2             
18   	132  14999.1             
18   	133  14999.2             
18   	134  14999.1             
18   	135  14999.1             
18   	136  14999.1             
18   	137  14999.1             
18   	138  14999.1             
18   	139  14999.1             
18   	140  14999.1             
18   	141  14999.1             
18   	142  14999.1             
18   	143  14999.1             
18   	144  14999.1             
18   	145  14999.1             
18   	146  14999.1             
18   	147  14999.1             
18   	148  14999.1             
18   	149  14999.1             
18   	150  14999.1             
18   	151  14999.1             
18   	152  14999.1             
18   	153  14999.1             
18   	154  14999               
18   	155  14999               
18   	156  14999               
18   	157  14999               
18   	158  14999               
18   	159  14999.1             
18   	160  14999.2             
18   	161  14999.3             
18   	162  14999.2             
18   	163  14999.2             
18   	164  14999.2             
18   	165  14999.4             
18   	166  14999.5             
18   	167  14999.6             
18   	168  14999.8             
18   	169  14999.8             
18   	170  14999.5             
18   	171  14999.4             
18   	172  14999.3             
18   	173  14999.1             
18   	174  14999               
18   	175  14998.6             
18   	176  14998.1             
18   	177  14997.8             
18   	178  14997.3             
18   	179  15006.2             
18   	180  14996.3             
18   	181  14995.7             
18   	182  14995.1             
18   	183  14994.7             
18   	184  14994.6             
18   	185  14994.6             
18   	186  14994.7             
18   	187  14994.8             
18   	188  14995               
18   	189  14994.9             
18   	190  14994.7             
18   	191  14994.5             
18   	192  14994.7             
18   	193  14995               
18   	194  14995.5             
18   	195  14996               
18   	196  14996.2             
18   	197  14996.3             
18   	198  14996.4             
18   	199  14996.6             
18   	200  14996.9             
18   	201  14996.5             
18   	202  14996.3             
18   	203  14996.3             
18   	204  14995.7             
18   	205  14994.9             
18   	206  14994.1             
18   	207  14992.8             
18   	208  14991.3             
18   	209  14989.8             
18   	210  14987.5             
18   	211  14985.1             
18   	212  14983               
18   	213  14981.5             
18   	214  14980.6             
18   	215  14980.2             
18   	216  14980.1             
18   	217  14979.8             
18   	218  14978.9             
18   	219  14976.9             
18   	220  14974.5             
18   	221  14971.6             
18   	222  14968.6             
18   	223  14965.9             
18   	224  14963.9             
18   	225  14962.4             
18   	226  14961.7             
18   	227  14960.8             
18   	228  14958.3             
18   	229  14955.2             
18   	230  14951.5             
18   	231  14947.2             
18   	232  14942.8             
18   	233  14938.5             
18   	234  14934.2             
18   	235  14930.2             
18   	236  14925.9             
18   	237  14950.2             
18   	238  14915.9             
18   	239  14909.4             
18   	240  14902.4             
18   	241  14895.9             
18   	242  14890.4             
18   	243  14884               
18   	244  14877.6             
18   	245  14871.3             
18   	246  14864.4             
18   	247  14857.6             
18   	248  14851               
18   	249  14845               
18   	250  14840               
18   	251  14836               
18   	252  14834.2             
18   	253  14835.3             
18   	254  14840.1             
18   	255  14849.3             
18   	256  14864.4             
18   	257  14885.4             
18   	258  14913.9             
18   	259  14950.9             
18   	260  14987.9             
18   	261  15013.1             
18   	262  15037.4             
18   	263  15059.9             
18   	264  15093.4             
18   	265  15160.5             
18   	266  15225.3             
18   	267  15266.1             
18   	268  15301.2             
18   	269  15272.1             
18   	270  15204.4             
18   	271  15146.7             
18   	272  15071.9             
18   	273  15024.9             
18   	274  15003.7             
18   	275  14995.9             
18   	276  14996.5             
18   	277  14998               
18   	278  14998.3             
18   	279  14998.5             
18   	280  14998.6             
18   	281  14998.7             
18   	282  14998.8             
18   	283  14998.8             
18   	284  14998.9             
18   	285  14998.9             
18   	286  14999               
18   	287  14999.1             
18   	288  14999.1             
18   	289  14999.1             
18   	290  14999.1             
18   	291  14999.1             
18   	292  14999.2             
18   	293  14999.1             
18   	294  14999.2             
18   	295  14999.2             
18   	296  14999.2             
18   	297  14999.2             
18   	298  14999.2             
18   	299  14999.1             
