47   	0    14999.2             
47   	1    14999.2             
47   	2    14999.2             
47   	3    14999.2             
47   	4    14999.2             
47   	5    14999.2             
47   	6    14999.2             
47   	7    14999.2             
47   	8    14999.2             
47   	9    14999.2             
47   	10   14999.2             
47   	11   14999.2             
47   	12   14999.2             
47   	13   14999.2             
47   	14   14999.2             
47   	15   14999.2             
47   	16   14999.2             
47   	17   14999.2             
47   	18   14999.2             
47   	19   14999.2             
47   	20   14999.2             
47   	21   14999.2             
47   	22   14999.2             
47   	23   14999.2             
47   	24   14999.2             
47   	25   14999.2             
47   	26   14999.2             
47   	27   14999.2             
47   	28   14999.3             
47   	29   14999.2             
47   	30   14999.3             
47   	31   14999.2             
47   	32   14999.2             
47   	33   14999.1             
47   	34   14999.1             
47   	35   14999.1             
47   	36   14999.2             
47   	37   14999.2             
47   	38   14999.2             
47   	39   14999.2             
47   	40   14999.1             
47   	41   14999.1             
47   	42   15011.1             
47   	43   14999.2             
47   	44   14999.1             
47   	45   14999               
47   	46   14999.1             
47   	47   14999               
47   	48   14999               
47   	49   14999               
47   	50   14998.9             
47   	51   14998.9             
47   	52   14998.9             
47   	53   14998.8             
47   	54   14998.8             
47   	55   14998.8             
47   	56   14998.7             
47   	57   14998.7             
47   	58   14998.6             
47   	59   14998.6             
47   	60   14998.6             
47   	61   14998.6             
47   	62   14998.6             
47   	63   14998.6             
47   	64   14998.6             
47   	65   14998.6             
47   	66   14998.7             
47   	67   14998.8             
47   	68   14998.8             
47   	69   14998.9             
47   	70   14999               
47   	71   14999               
47   	72   14999.1             
47   	73   14999               
47   	74   14999               
47   	75   14998.9             
47   	76   14998.9             
47   	77   14998.8             
47   	78   14998.8             
47   	79   14998.8             
47   	80   14998.8             
47   	81   14998.8             
47   	82   14998.9             
47   	83   14998.9             
47   	84   14998.8             
47   	85   14998.8             
47   	86   14998.8             
47   	87   14998.8             
47   	88   14998.8             
47   	89   14998.8             
47   	90   14998.8             
47   	91   14998.8             
47   	92   14998.8             
47   	93   14998.8             
47   	94   14998.8             
47   	95   14998.8             
47   	96   14998.9             
47   	97   14998.9             
47   	98   14998.9             
47   	99   14998.9             
47   	100  14998.9             
47   	101  14998.9             
47   	102  14998.9             
47   	103  14998.9             
47   	104  14998.9             
47   	105  14998.9             
47   	106  14998.9             
47   	107  14998.9             
47   	108  14998.9             
47   	109  14998.9             
47   	110  14998.9             
47   	111  14998.9             
47   	112  14998.9             
47   	113  14998.9             
47   	114  14998.9             
47   	115  14998.9             
47   	116  14998.9             
47   	117  14998.9             
47   	118  14998.9             
47   	119  14998.9             
47   	120  14998.9             
47   	121  14998.9             
47   	122  14998.9             
47   	123  14998.9             
47   	124  14998.9             
47   	125  14998.9             
47   	126  14998.9             
47   	127  14998.9             
47   	128  14998.9             
47   	129  14998.9             
47   	130  14998.9             
47   	131  14998.9             
47   	132  14998.9             
47   	133  14998.9             
47   	134  14998.9             
47   	135  14998.9             
47   	136  14998.8             
47   	137  14998.8             
47   	138  15000               
47   	139  14998.8             
47   	140  14998.8             
47   	141  14998.8             
47   	142  14998.8             
47   	143  14998.8             
47   	144  14998.8             
47   	145  14998.8             
47   	146  14998.8             
47   	147  14998.7             
47   	148  14998.7             
47   	149  14998.7             
47   	150  14998.7             
47   	151  14998.7             
47   	152  14998.9             
47   	153  14999.1             
47   	154  14999.1             
47   	155  14999               
47   	156  14998.8             
47   	157  14999.1             
47   	158  14999.4             
47   	159  14999.6             
47   	160  15000               
47   	161  15000.3             
47   	162  14999.8             
47   	163  14999.9             
47   	164  15000.1             
47   	165  14999.9             
47   	166  15000.1             
47   	167  15000.2             
47   	168  14999.7             
47   	169  14999.5             
47   	170  14999.4             
47   	171  14999               
47   	172  14998.4             
47   	173  14997.7             
47   	174  14996.7             
47   	175  14995.6             
47   	176  14994.5             
47   	177  14993.7             
47   	178  14992.6             
47   	179  14991.3             
47   	180  14990.4             
47   	181  14989.5             
47   	182  14988.7             
47   	183  14988.5             
47   	184  14988.5             
47   	185  14988.7             
47   	186  14989.2             
47   	187  14989.8             
47   	188  14990.4             
47   	189  14990.4             
47   	190  14990.2             
47   	191  14990               
47   	192  14990.3             
47   	193  14990.6             
47   	194  14991.1             
47   	195  14991.1             
47   	196  14990.7             
47   	197  14989.9             
47   	198  14989               
47   	199  14987.5             
47   	200  14985.6             
47   	201  14983.1             
47   	202  14980.5             
47   	203  14977.7             
47   	204  14974.5             
47   	205  14971.1             
47   	206  14967.6             
47   	207  14964.6             
47   	208  14961.6             
47   	209  14959               
47   	210  14956.7             
47   	211  14954.8             
47   	212  14952.9             
47   	213  14950.8             
47   	214  14948.7             
47   	215  14946.3             
47   	216  14942.7             
47   	217  14938.5             
47   	218  14933.7             
47   	219  14928               
47   	220  14922.4             
47   	221  14917.1             
47   	222  14912.2             
47   	223  14908               
47   	224  14904.2             
47   	225  14900.1             
47   	226  14896               
47   	227  14891.2             
47   	228  14884.4             
47   	229  14877.2             
47   	230  14869.4             
47   	231  14861.4             
47   	232  14854.1             
47   	233  14847.1             
47   	234  14841               
47   	235  14835.8             
47   	236  14831.8             
47   	237  14828.5             
47   	238  14826.5             
47   	239  14825.9             
47   	240  14827.8             
47   	241  14833.9             
47   	242  14844.8             
47   	243  14860.3             
47   	244  14882.1             
47   	245  14910.7             
47   	246  14946.4             
47   	247  14990.9             
47   	248  15043.3             
47   	249  15103.3             
47   	250  15172.7             
47   	251  15246.7             
47   	252  15324               
47   	253  15405.9             
47   	254  15484               
47   	255  15556.3             
47   	256  15625.3             
47   	257  15681.8             
47   	258  15720.8             
47   	259  15745.5             
47   	260  15738.3             
47   	261  15688.9             
47   	262  15627.4             
47   	263  15552.5             
47   	264  15490.4             
47   	265  15470.5             
47   	266  15449.5             
47   	267  15411.7             
47   	268  15382.7             
47   	269  15305.2             
47   	270  15212.6             
47   	271  15142.6             
47   	272  15066.6             
47   	273  15021.4             
47   	274  15001.5             
47   	275  14994.4             
47   	276  14995.1             
47   	277  14996.7             
47   	278  14997.4             
47   	279  14997.8             
47   	280  14998               
47   	281  14998.1             
47   	282  14998.2             
47   	283  14998.2             
47   	284  14998.3             
47   	285  14998.4             
47   	286  14998.4             
47   	287  14998.5             
47   	288  14998.6             
47   	289  14998.6             
47   	290  14998.7             
47   	291  14998.8             
47   	292  14998.9             
47   	293  14998.9             
47   	294  14998.9             
47   	295  14998.9             
47   	296  14998.9             
47   	297  14998.9             
47   	298  14998.9             
47   	299  14998.9             
