188  	0    15000.7             
188  	1    15000.9             
188  	2    15001.3             
188  	3    15001.6             
188  	4    15002.1             
188  	5    15002.5             
188  	6    15003               
188  	7    15003.5             
188  	8    15004               
188  	9    15004.3             
188  	10   15004.6             
188  	11   15004.4             
188  	12   15004               
188  	13   15003.2             
188  	14   15001.8             
188  	15   15000.2             
188  	16   14998.8             
188  	17   14997.7             
188  	18   14997.6             
188  	19   14998.4             
188  	20   14999.5             
188  	21   15000.2             
188  	22   15000               
188  	23   14998               
188  	24   14996.1             
188  	25   14995.8             
188  	26   14999.4             
188  	27   15007.5             
188  	28   15020.5             
188  	29   15027.1             
188  	30   15024.3             
188  	31   15007               
188  	32   14994               
188  	33   15003               
188  	34   15010.9             
188  	35   14994.2             
188  	36   14995               
188  	37   15025.7             
188  	38   15019.5             
188  	39   14994.6             
188  	40   14997.7             
188  	41   14984.6             
188  	42   14984.1             
188  	43   15014.7             
188  	44   14976.9             
188  	45   14973.7             
188  	46   14972.7             
188  	47   14970.2             
188  	48   14965               
188  	49   14958.2             
188  	50   14950.5             
188  	51   14949.1             
188  	52   14938.5             
188  	53   14927.5             
188  	54   14919.4             
188  	55   14919.1             
188  	56   14910.5             
188  	57   14899.6             
188  	58   14887.3             
188  	59   14877.7             
188  	60   14871.6             
188  	61   14867.3             
188  	62   14870               
188  	63   14877               
188  	64   14886.7             
188  	65   14903.2             
188  	66   14923               
188  	67   14938.8             
188  	68   14951.8             
188  	69   14962.6             
188  	70   14967.7             
188  	71   14971.5             
188  	72   14976.5             
188  	73   14973.4             
188  	74   14966.8             
188  	75   14959.8             
188  	76   14952               
188  	77   14936.3             
188  	78   14921.6             
188  	79   14920.7             
188  	80   14925.6             
188  	81   14935.7             
188  	82   14944               
188  	83   14945.7             
188  	84   14945.1             
188  	85   14936.1             
188  	86   14931               
188  	87   14929.7             
188  	88   14931               
188  	89   14934.3             
188  	90   14938.6             
188  	91   14929.2             
188  	92   14929.1             
188  	93   14936.4             
188  	94   14930.5             
188  	95   14929.8             
188  	96   14933.4             
188  	97   14930.6             
188  	98   14930               
188  	99   14931.2             
188  	100  14930.5             
188  	101  14930.1             
188  	102  14929.5             
188  	103  14930.4             
188  	104  14930.8             
188  	105  14930.3             
188  	106  14929.9             
188  	107  14929.7             
188  	108  14929.5             
188  	109  14929.3             
188  	110  14929.2             
188  	111  14929.1             
188  	112  14929.1             
188  	113  14929.8             
188  	114  14931.7             
188  	115  14933.4             
188  	116  14934.6             
188  	117  14934.7             
188  	118  14931.5             
188  	119  14930.6             
188  	120  14933.2             
188  	121  14944.6             
188  	122  14950.9             
188  	123  14939.8             
188  	124  14947.9             
188  	125  14950.1             
188  	126  14935               
188  	127  14939.8             
188  	128  14944.3             
188  	129  14940.9             
188  	130  14934.1             
188  	131  14931.1             
188  	132  14933               
188  	133  14934.1             
188  	134  14935.3             
188  	135  14936.3             
188  	136  14938.9             
188  	137  14942               
188  	138  14944.7             
188  	139  14947.8             
188  	140  14952.8             
188  	141  14964.4             
188  	142  14973.7             
188  	143  14984.1             
188  	144  15002.7             
188  	145  15024.2             
188  	146  15049.3             
188  	147  15078.9             
188  	148  15108.6             
188  	149  15140.7             
188  	150  15178.4             
188  	151  15223.6             
188  	152  15276.1             
188  	153  15339.5             
188  	154  15416.7             
188  	155  15506.4             
188  	156  15614.5             
188  	157  15744.3             
188  	158  15893.4             
188  	159  16070.8             
188  	160  16276.6             
188  	161  16505.8             
188  	162  16765.3             
188  	163  17045.4             
188  	164  17340               
188  	165  17639.7             
188  	166  17924.8             
188  	167  18197.9             
188  	168  18423.8             
188  	169  18606.3             
188  	170  18769.3             
188  	171  18900.1             
188  	172  19063.9             
188  	173  19278               
188  	174  19590.9             
188  	175  19980.4             
188  	176  20413.9             
188  	177  20838.4             
188  	178  21184               
188  	179  21454.1             
188  	180  21505.4             
188  	181  21347.7             
188  	182  21021               
188  	183  20382               
188  	184  19651.3             
188  	185  18977.6             
188  	186  18204.5             
188  	187  17781.4             
188  	188  17533.6             
188  	189  17428.1             
188  	190  17296.2             
188  	191  17126.8             
188  	192  16844.4             
188  	193  16591.8             
188  	194  16368               
188  	195  16186.2             
188  	196  16100               
188  	197  16093.1             
188  	198  15830               
188  	199  15593.9             
188  	200  15394.5             
188  	201  15346.8             
188  	202  15305.4             
188  	203  15270.4             
188  	204  15298               
188  	205  15306.5             
188  	206  15295.7             
188  	207  15254.6             
188  	208  15247.4             
188  	209  15266               
188  	210  15292.5             
188  	211  15314.1             
188  	212  15327.1             
188  	213  15329.2             
188  	214  15327.3             
188  	215  15321.3             
188  	216  15289.4             
188  	217  15256               
188  	218  15222.1             
188  	219  15177               
188  	220  15134.7             
188  	221  15096.7             
188  	222  15065               
188  	223  15040.1             
188  	224  15022.9             
188  	225  15011.7             
188  	226  15003               
188  	227  14996.1             
188  	228  14989.7             
188  	229  14984.3             
188  	230  14980.2             
188  	231  14977.9             
188  	232  14977               
188  	233  14977.4             
188  	234  14974.9             
188  	235  14976.2             
188  	236  14979               
188  	237  14982.1             
188  	238  14985.3             
188  	239  14987.6             
188  	240  14989.4             
188  	241  14990.8             
188  	242  14991.6             
188  	243  14992.2             
188  	244  14993.1             
188  	245  14993.7             
188  	246  14993.9             
188  	247  14993.1             
188  	248  14991.5             
188  	249  14989.1             
188  	250  14986.5             
188  	251  14982.8             
188  	252  14977.9             
188  	253  14972               
188  	254  14964.9             
188  	255  14956.4             
188  	256  14946.7             
188  	257  14935.6             
188  	258  14923.5             
188  	259  14910.5             
188  	260  14897               
188  	261  14883.7             
188  	262  14870.9             
188  	263  14859.2             
188  	264  14849.3             
188  	265  14841.3             
188  	266  14835.6             
188  	267  14832               
188  	268  14830.5             
188  	269  14830.9             
188  	270  14832.6             
188  	271  14835.8             
188  	272  14839.8             
188  	273  14845.7             
188  	274  14851.1             
188  	275  14856.6             
188  	276  14862.1             
188  	277  14867.8             
188  	278  14873               
188  	279  14878.1             
188  	280  14883               
188  	281  14887.3             
188  	282  14891.3             
188  	283  14895.1             
188  	284  14898.4             
188  	285  14901.3             
188  	286  14904               
188  	287  14906.4             
188  	288  14908.5             
188  	289  14910.5             
188  	290  14912.2             
188  	291  14913.8             
188  	292  14915.2             
188  	293  14916.5             
188  	294  14917.7             
188  	295  14918.7             
188  	296  14919.7             
188  	297  14920.5             
188  	298  14921.4             
188  	299  14922.1             
