69   	0    14999.2             
69   	1    14999.2             
69   	2    14999.2             
69   	3    14999.2             
69   	4    14999.3             
69   	5    14999.3             
69   	6    14999.3             
69   	7    14999.3             
69   	8    14999.3             
69   	9    14999.3             
69   	10   14999.3             
69   	11   14999.3             
69   	12   14999.2             
69   	13   14999.2             
69   	14   14999.2             
69   	15   14999.2             
69   	16   14999.2             
69   	17   14999.2             
69   	18   14999.2             
69   	19   14999.2             
69   	20   14999.1             
69   	21   14999.1             
69   	22   14999.1             
69   	23   14999.1             
69   	24   14999.1             
69   	25   14999.2             
69   	26   14999.2             
69   	27   14999.3             
69   	28   14999.3             
69   	29   14999.3             
69   	30   14999.3             
69   	31   14999.2             
69   	32   14999.1             
69   	33   14999.1             
69   	34   14999               
69   	35   14999               
69   	36   14999.1             
69   	37   14999.3             
69   	38   14999.2             
69   	39   14999.1             
69   	40   14998.9             
69   	41   14998.9             
69   	42   14999               
69   	43   14999.1             
69   	44   14998.9             
69   	45   14998.7             
69   	46   14998.8             
69   	47   14998.8             
69   	48   14998.7             
69   	49   14998.6             
69   	50   14998.6             
69   	51   14998.5             
69   	52   14998.4             
69   	53   14998.3             
69   	54   14998.2             
69   	55   14998.2             
69   	56   14998.1             
69   	57   14998               
69   	58   14997.9             
69   	59   14997.8             
69   	60   14997.7             
69   	61   14997.7             
69   	62   14997.7             
69   	63   14997.7             
69   	64   14997.8             
69   	65   14997.9             
69   	66   14998               
69   	67   14998.2             
69   	68   14998.3             
69   	69   14998.5             
69   	70   14998.7             
69   	71   14998.8             
69   	72   14998.8             
69   	73   14998.8             
69   	74   14998.7             
69   	75   14998.5             
69   	76   14998.4             
69   	77   14998.3             
69   	78   14998.2             
69   	79   14998.2             
69   	80   14998.2             
69   	81   14998.3             
69   	82   14998.4             
69   	83   14998.5             
69   	84   14998.4             
69   	85   14998.3             
69   	86   14998.3             
69   	87   14998.2             
69   	88   14998.3             
69   	89   14998.3             
69   	90   14998.3             
69   	91   14998.3             
69   	92   14998.3             
69   	93   14998.3             
69   	94   14998.3             
69   	95   14998.3             
69   	96   14998.5             
69   	97   14998.4             
69   	98   14998.5             
69   	99   14998.5             
69   	100  14998.5             
69   	101  14998.4             
69   	102  14998.4             
69   	103  14998.4             
69   	104  14998.5             
69   	105  14998.5             
69   	106  14998.4             
69   	107  14998.4             
69   	108  14998.4             
69   	109  14998.4             
69   	110  14998.4             
69   	111  14998.4             
69   	112  14998.4             
69   	113  14998.4             
69   	114  14998.4             
69   	115  14998.4             
69   	116  14998.4             
69   	117  14998.4             
69   	118  14998.4             
69   	119  14998.4             
69   	120  14998.4             
69   	121  14998.4             
69   	122  14998.4             
69   	123  14998.4             
69   	124  14998.4             
69   	125  14998.4             
69   	126  14998.4             
69   	127  14998.4             
69   	128  14998.4             
69   	129  14998.4             
69   	130  14998.3             
69   	131  14998.3             
69   	132  14998.3             
69   	133  14998.3             
69   	134  14998.4             
69   	135  14998.4             
69   	136  14998.2             
69   	137  14998.2             
69   	138  14998.2             
69   	139  14998.3             
69   	140  14998.2             
69   	141  14998.2             
69   	142  14998.1             
69   	143  14998.2             
69   	144  14998.1             
69   	145  14998.2             
69   	146  14998.5             
69   	147  14998.9             
69   	148  14998.8             
69   	149  14998.6             
69   	150  14998.4             
69   	151  14998.8             
69   	152  14999.4             
69   	153  14999.7             
69   	154  15000.4             
69   	155  15001               
69   	156  15000.1             
69   	157  15000.4             
69   	158  15001               
69   	159  15000.3             
69   	160  15000.2             
69   	161  15000.2             
69   	162  14999.5             
69   	163  14999.3             
69   	164  14999.3             
69   	165  14998.9             
69   	166  14998.5             
69   	167  14998.1             
69   	168  14997.6             
69   	169  14996.6             
69   	170  14995.5             
69   	171  14994.6             
69   	172  14993.1             
69   	173  14991.5             
69   	174  14990.2             
69   	175  14988.8             
69   	176  14993.3             
69   	177  14986.6             
69   	178  14985.6             
69   	179  14984.8             
69   	180  14984.1             
69   	181  14983.6             
69   	182  14983.4             
69   	183  14983.4             
69   	184  14983.8             
69   	185  14984.3             
69   	186  14985.2             
69   	187  14986               
69   	188  14986.7             
69   	189  14987.4             
69   	190  14988.5             
69   	191  14990.1             
69   	192  14990.4             
69   	193  14988.1             
69   	194  14983.1             
69   	195  14977.2             
69   	196  14972.9             
69   	197  14970.3             
69   	198  14964.2             
69   	199  14957               
69   	200  14949               
69   	201  14945.1             
69   	202  14941               
69   	203  14936.7             
69   	204  14932.5             
69   	205  14928.5             
69   	206  14924.5             
69   	207  14920.3             
69   	208  14915.9             
69   	209  14911.2             
69   	210  14906.6             
69   	211  14902               
69   	212  14897.2             
69   	213  14892               
69   	214  14886.7             
69   	215  14881.4             
69   	216  14875.2             
69   	217  14868.6             
69   	218  14861.7             
69   	219  14854.3             
69   	220  14847.3             
69   	221  14840.9             
69   	222  14835.5             
69   	223  14831.3             
69   	224  14828.5             
69   	225  14826.6             
69   	226  14826.4             
69   	227  14827.5             
69   	228  14829.2             
69   	229  14833               
69   	230  14840.1             
69   	231  14850.5             
69   	232  14866.3             
69   	233  14887.8             
69   	234  14915.2             
69   	235  14950.1             
69   	236  14992               
69   	237  15040               
69   	238  15095.3             
69   	239  15155.8             
69   	240  15220.9             
69   	241  15292.1             
69   	242  15364.7             
69   	243  15436.7             
69   	244  15509.4             
69   	245  15576.7             
69   	246  15635.3             
69   	247  15691.1             
69   	248  15738               
69   	249  15774.7             
69   	250  15805.8             
69   	251  15828.6             
69   	252  15845.2             
69   	253  15857.9             
69   	254  15864.2             
69   	255  15865.5             
69   	256  15863.4             
69   	257  15856.2             
69   	258  15840               
69   	259  15815.6             
69   	260  15769.7             
69   	261  15692.7             
69   	262  15612               
69   	263  15526.8             
69   	264  15456.5             
69   	265  15427.2             
69   	266  15400.7             
69   	267  15361.8             
69   	268  15332.6             
69   	269  15262.5             
69   	270  15181               
69   	271  15119.6             
69   	272  15053.8             
69   	273  15015               
69   	274  14997.8             
69   	275  14991.7             
69   	276  14992.6             
69   	277  14994.6             
69   	278  14995.6             
69   	279  14996.3             
69   	280  14996.7             
69   	281  14997               
69   	282  14997.2             
69   	283  14997.3             
69   	284  14997.4             
69   	285  14997.5             
69   	286  14997.6             
69   	287  14997.6             
69   	288  14997.7             
69   	289  14997.8             
69   	290  14997.8             
69   	291  14997.9             
69   	292  14998               
69   	293  14998.1             
69   	294  14998.2             
69   	295  14998.3             
69   	296  14998.3             
69   	297  14998.4             
69   	298  14998.4             
69   	299  14998.4             
