208  	0    15002.8             
208  	1    15002.9             
208  	2    15003.7             
208  	3    15004.6             
208  	4    15005.7             
208  	5    15007               
208  	6    15008.5             
208  	7    15010.1             
208  	8    15011.6             
208  	9    15013.1             
208  	10   15014.3             
208  	11   15014.4             
208  	12   15013.5             
208  	13   15011.4             
208  	14   15006.9             
208  	15   15002.3             
208  	16   14998.8             
208  	17   14998.5             
208  	18   15002.9             
208  	19   15011.1             
208  	20   15017.6             
208  	21   15020.1             
208  	22   15017.1             
208  	23   15006.9             
208  	24   14998.4             
208  	25   14995               
208  	26   15002               
208  	27   15021.2             
208  	28   15054.5             
208  	29   15077.9             
208  	30   15078.7             
208  	31   15030.8             
208  	32   14999.6             
208  	33   15058.7             
208  	34   15083.9             
208  	35   15005.9             
208  	36   14995.2             
208  	37   15075.2             
208  	38   15070               
208  	39   15003.3             
208  	40   15058.9             
208  	41   14993.4             
208  	42   14978.5             
208  	43   15064.5             
208  	44   14965.4             
208  	45   14979.9             
208  	46   14959.8             
208  	47   14955.9             
208  	48   14949.6             
208  	49   14941.4             
208  	50   14923.3             
208  	51   14926.9             
208  	52   14906.6             
208  	53   14888.6             
208  	54   14880.5             
208  	55   14884.5             
208  	56   14871               
208  	57   14853.5             
208  	58   14834.4             
208  	59   14817.5             
208  	60   14811.8             
208  	61   14802.8             
208  	62   14812.1             
208  	63   14834.7             
208  	64   14863.9             
208  	65   14903.2             
208  	66   14946               
208  	67   14967.7             
208  	68   14975.6             
208  	69   14979.3             
208  	70   14970.3             
208  	71   14966.3             
208  	72   14973.1             
208  	73   14969.7             
208  	74   14961.9             
208  	75   14956.3             
208  	76   14943.3             
208  	77   14910.1             
208  	78   14883.6             
208  	79   14878.8             
208  	80   14890.8             
208  	81   14918.8             
208  	82   14926.2             
208  	83   14919.9             
208  	84   14915.5             
208  	85   14895.3             
208  	86   14885.6             
208  	87   14885.3             
208  	88   14885.4             
208  	89   14891.4             
208  	90   14902.5             
208  	91   14878.9             
208  	92   14878.2             
208  	93   14894.5             
208  	94   14880.7             
208  	95   14879.3             
208  	96   14887.4             
208  	97   14880.2             
208  	98   14879.3             
208  	99   14882.5             
208  	100  14880               
208  	101  14879.5             
208  	102  14878.9             
208  	103  14880.5             
208  	104  14881.3             
208  	105  14880.2             
208  	106  14878.9             
208  	107  14878.3             
208  	108  14878.3             
208  	109  14878.6             
208  	110  14879.5             
208  	111  14881.6             
208  	112  14882.5             
208  	113  14881.6             
208  	114  14880.3             
208  	115  14879.1             
208  	116  14879.5             
208  	117  14882.8             
208  	118  14888               
208  	119  14890.2             
208  	120  14885.4             
208  	121  14887.9             
208  	122  14887.4             
208  	123  14881               
208  	124  14884.6             
208  	125  14885.5             
208  	126  14879.7             
208  	127  14880.4             
208  	128  14881.7             
208  	129  14883.1             
208  	130  14885.2             
208  	131  14887.3             
208  	132  14889.2             
208  	133  14892.7             
208  	134  14896.7             
208  	135  14900               
208  	136  14908.3             
208  	137  14919.5             
208  	138  14928.8             
208  	139  14936.8             
208  	140  14948.4             
208  	141  14971.9             
208  	142  14992.1             
208  	143  15013.4             
208  	144  15040               
208  	145  15067.1             
208  	146  15096.2             
208  	147  15129.1             
208  	148  15166.8             
208  	149  15209.3             
208  	150  15258.9             
208  	151  15316.3             
208  	152  15380.7             
208  	153  15454.9             
208  	154  15539.5             
208  	155  15633.4             
208  	156  15739.9             
208  	157  15858.4             
208  	158  15987.5             
208  	159  16129.6             
208  	160  16282.5             
208  	161  16444.2             
208  	162  16614.3             
208  	163  16788.7             
208  	164  16967.2             
208  	165  17145.1             
208  	166  17321.4             
208  	167  17499               
208  	168  17674               
208  	169  17851.3             
208  	170  18032.7             
208  	171  18215.5             
208  	172  18393.2             
208  	173  18564.7             
208  	174  18702               
208  	175  18803.1             
208  	176  18881.3             
208  	177  18918.2             
208  	178  18944.5             
208  	179  18958.1             
208  	180  18928.6             
208  	181  18855.4             
208  	182  18755.5             
208  	183  18642.9             
208  	184  18533.7             
208  	185  18416.4             
208  	186  18200.7             
208  	187  17923.6             
208  	188  17593.1             
208  	189  17192.6             
208  	190  16873.2             
208  	191  16626.3             
208  	192  16581.1             
208  	193  16511.2             
208  	194  16414.2             
208  	195  16102.5             
208  	196  15851.9             
208  	197  15652.3             
208  	198  15531.5             
208  	199  15389.7             
208  	200  15252.2             
208  	201  15245.9             
208  	202  15230.1             
208  	203  15208.9             
208  	204  15210.4             
208  	205  15197.3             
208  	206  15166.5             
208  	207  15130.6             
208  	208  15121               
208  	209  15133.7             
208  	210  15157.3             
208  	211  15165.9             
208  	212  15155.9             
208  	213  15144.7             
208  	214  15136.7             
208  	215  15131.9             
208  	216  15115.6             
208  	217  15100.7             
208  	218  15088.4             
208  	219  15065.6             
208  	220  15043.3             
208  	221  15022.8             
208  	222  15001.4             
208  	223  14979.3             
208  	224  14955.8             
208  	225  14934.1             
208  	226  14914.6             
208  	227  14897.9             
208  	228  14884.7             
208  	229  14873.1             
208  	230  14862.9             
208  	231  14853.5             
208  	232  14845.5             
208  	233  14839.1             
208  	234  14835.4             
208  	235  14830.9             
208  	236  14827.9             
208  	237  14826.3             
208  	238  14825.5             
208  	239  14825               
208  	240  14824.5             
208  	241  14823.8             
208  	242  14823.2             
208  	243  14822.7             
208  	244  14822.6             
208  	245  14822.7             
208  	246  14822.6             
208  	247  14822.3             
208  	248  14821.7             
208  	249  14821.4             
208  	250  14820.9             
208  	251  14820.3             
208  	252  14819.5             
208  	253  14818.5             
208  	254  14817.4             
208  	255  14816.2             
208  	256  14814.7             
208  	257  14813.2             
208  	258  14811.5             
208  	259  14809.7             
208  	260  14808               
208  	261  14806.4             
208  	262  14804.9             
208  	263  14803.6             
208  	264  14802.7             
208  	265  14802.1             
208  	266  14802               
208  	267  14802.4             
208  	268  14803.2             
208  	269  14804.5             
208  	270  14806.2             
208  	271  14808.4             
208  	272  14810.8             
208  	273  14814.9             
208  	274  14817.9             
208  	275  14821               
208  	276  14824.3             
208  	277  14827.6             
208  	278  14830.8             
208  	279  14833.9             
208  	280  14837.1             
208  	281  14840               
208  	282  14842.8             
208  	283  14845.6             
208  	284  14848.1             
208  	285  14850.4             
208  	286  14852.7             
208  	287  14854.7             
208  	288  14856.6             
208  	289  14858.4             
208  	290  14860               
208  	291  14861.5             
208  	292  14862.9             
208  	293  14864.2             
208  	294  14865.3             
208  	295  14866.5             
208  	296  14867.4             
208  	297  14868.3             
208  	298  14869.2             
208  	299  14870               
