137  	0    14999.4             
137  	1    14999.4             
137  	2    14999.5             
137  	3    14999.5             
137  	4    14999.6             
137  	5    14999.6             
137  	6    14999.6             
137  	7    14999.7             
137  	8    14999.7             
137  	9    14999.7             
137  	10   14999.7             
137  	11   14999.7             
137  	12   14999.7             
137  	13   14999.6             
137  	14   14999.5             
137  	15   14999.3             
137  	16   14999.1             
137  	17   14998.9             
137  	18   14998.7             
137  	19   14998.4             
137  	20   14998.3             
137  	21   14998.1             
137  	22   14998               
137  	23   14998               
137  	24   14998.2             
137  	25   14998.5             
137  	26   14999.1             
137  	27   14999.8             
137  	28   15000.7             
137  	29   15000.9             
137  	30   15000.5             
137  	31   14999.4             
137  	32   14997.9             
137  	33   14996.9             
137  	34   14996.5             
137  	35   14997               
137  	36   14998.1             
137  	37   15000.4             
137  	38   14999.7             
137  	39   14997.6             
137  	40   14995.1             
137  	41   14995.2             
137  	42   14996.2             
137  	43   14998.1             
137  	44   14995.1             
137  	45   14993.1             
137  	46   14994.2             
137  	47   14993.8             
137  	48   14992.7             
137  	49   14991.3             
137  	50   14990.5             
137  	51   14989.9             
137  	52   14988.4             
137  	53   14986.7             
137  	54   14985.2             
137  	55   14985.1             
137  	56   14984               
137  	57   14982.5             
137  	58   14980.8             
137  	59   14979.6             
137  	60   14978.8             
137  	61   14978.3             
137  	62   14978.5             
137  	63   14979.1             
137  	64   14979.7             
137  	65   14981.3             
137  	66   14983.5             
137  	67   14985.6             
137  	68   14988               
137  	69   14990.3             
137  	70   14992.1             
137  	71   14993.4             
137  	72   14994.3             
137  	73   14993.5             
137  	74   14992.2             
137  	75   14990.5             
137  	76   14989.4             
137  	77   14987.4             
137  	78   14985.4             
137  	79   14985.6             
137  	80   14986.2             
137  	81   14987.2             
137  	82   14988.9             
137  	83   14989.6             
137  	84   14989.5             
137  	85   14988.3             
137  	86   14987.6             
137  	87   14987.3             
137  	88   14987.7             
137  	89   14988.3             
137  	90   14988.7             
137  	91   14987.6             
137  	92   14987.7             
137  	93   14988.6             
137  	94   14987.9             
137  	95   14987.8             
137  	96   14988.4             
137  	97   14988.1             
137  	98   14988               
137  	99   14988.1             
137  	100  14988.1             
137  	101  14988               
137  	102  14987.9             
137  	103  14988               
137  	104  14988.1             
137  	105  14988               
137  	106  14987.9             
137  	107  14987.8             
137  	108  14987.9             
137  	109  14987.9             
137  	110  14987.8             
137  	111  14987.8             
137  	112  14987.7             
137  	113  14987.7             
137  	114  14987.7             
137  	115  14987.6             
137  	116  14987.6             
137  	117  14987.6             
137  	118  14987.7             
137  	119  14987.8             
137  	120  14987.8             
137  	121  14987.5             
137  	122  14987.2             
137  	123  14987.2             
137  	124  14987.2             
137  	125  14987.4             
137  	126  14988.1             
137  	127  14990.5             
137  	128  14992.6             
137  	129  14992.5             
137  	130  14991.4             
137  	131  14990.2             
137  	132  14989               
137  	133  14991.9             
137  	134  14995.6             
137  	135  14996.8             
137  	136  15001.1             
137  	137  15003.4             
137  	138  14997.7             
137  	139  15000.9             
137  	140  15004.3             
137  	141  14999.6             
137  	142  14999.5             
137  	143  14999               
137  	144  14994.4             
137  	145  14993.3             
137  	146  14992.8             
137  	147  14990.7             
137  	148  14989.9             
137  	149  14989.5             
137  	150  14989.2             
137  	151  14989.3             
137  	152  14990.3             
137  	153  14993.5             
137  	154  14997.4             
137  	155  15003.5             
137  	156  15014.9             
137  	157  15032.8             
137  	158  15058.9             
137  	159  15099.6             
137  	160  15161               
137  	161  15246.5             
137  	162  15374               
137  	163  15555.5             
137  	164  15790.4             
137  	165  16102.8             
137  	166  16483.6             
137  	167  16913.1             
137  	168  17372.7             
137  	169  17791.4             
137  	170  18162.9             
137  	171  18371.5             
137  	172  18427.7             
137  	173  18402.5             
137  	174  18283.6             
137  	175  18308.1             
137  	176  18518.6             
137  	177  19095.7             
137  	178  19919               
137  	179  20905.1             
137  	180  21971.8             
137  	181  22934.4             
137  	182  23763.9             
137  	183  24117.3             
137  	184  23970.2             
137  	185  23427.7             
137  	186  22133.1             
137  	187  20704.7             
137  	188  19265               
137  	189  18519.5             
137  	190  18200.7             
137  	191  18159.4             
137  	192  18020.7             
137  	193  17656.3             
137  	194  17113.8             
137  	195  16745.5             
137  	196  16484.1             
137  	197  16316.6             
137  	198  15730.2             
137  	199  15496.7             
137  	200  15450.7             
137  	201  15396.4             
137  	202  15369.3             
137  	203  15366.8             
137  	204  15386.2             
137  	205  15351.8             
137  	206  15291.8             
137  	207  15290               
137  	208  15307.7             
137  	209  15337.2             
137  	210  15375               
137  	211  15421.5             
137  	212  15475.2             
137  	213  15525.3             
137  	214  15576.2             
137  	215  15625.4             
137  	216  15655               
137  	217  15674.9             
137  	218  15681               
137  	219  15660.2             
137  	220  15629.4             
137  	221  15586.5             
137  	222  15532               
137  	223  15483               
137  	224  15441.6             
137  	225  15416.9             
137  	226  15405.5             
137  	227  15404.4             
137  	228  15407.9             
137  	229  15415.4             
137  	230  15427.5             
137  	231  15445.8             
137  	232  15468.7             
137  	233  15494.4             
137  	234  15521.1             
137  	235  15551               
137  	236  15582.7             
137  	237  15606.3             
137  	238  15624.9             
137  	239  15633.5             
137  	240  15638.8             
137  	241  15642.6             
137  	242  15644.5             
137  	243  15645.5             
137  	244  15646.1             
137  	245  15646.6             
137  	246  15646.2             
137  	247  15645               
137  	248  15642.6             
137  	249  15638.9             
137  	250  15634.4             
137  	251  15628.4             
137  	252  15619.8             
137  	253  15609.4             
137  	254  15595.3             
137  	255  15575.8             
137  	256  15552.3             
137  	257  15520.9             
137  	258  15478.8             
137  	259  15431.1             
137  	260  15371.7             
137  	261  15303.8             
137  	262  15240.2             
137  	263  15178.5             
137  	264  15125.8             
137  	265  15091.6             
137  	266  15063.6             
137  	267  15040.4             
137  	268  15026.3             
137  	269  15006.4             
137  	270  14987.4             
137  	271  14975               
137  	272  14961.8             
137  	273  14955               
137  	274  14953.8             
137  	275  14956.7             
137  	276  14958.4             
137  	277  14962.8             
137  	278  14966.5             
137  	279  14969.9             
137  	280  14972.9             
137  	281  14975               
137  	282  14976.8             
137  	283  14978.4             
137  	284  14979.5             
137  	285  14980.6             
137  	286  14981.4             
137  	287  14982.1             
137  	288  14982.7             
137  	289  14983.3             
137  	290  14983.7             
137  	291  14984.1             
137  	292  14984.5             
137  	293  14984.8             
137  	294  14985               
137  	295  14985.3             
137  	296  14985.5             
137  	297  14985.7             
137  	298  14985.9             
137  	299  14986               
