225  	0    15003.9             
225  	1    15005               
225  	2    15006.4             
225  	3    15008.1             
225  	4    15010.2             
225  	5    15012.7             
225  	6    15015.7             
225  	7    15019.2             
225  	8    15023               
225  	9    15026.9             
225  	10   15030.9             
225  	11   15032.6             
225  	12   15032.1             
225  	13   15044.8             
225  	14   15018               
225  	15   15006.6             
225  	16   14999.4             
225  	17   15004.3             
225  	18   15023.1             
225  	19   15049.1             
225  	20   15062.6             
225  	21   15061.6             
225  	22   15047.7             
225  	23   15021.2             
225  	24   15002.5             
225  	25   14996.2             
225  	26   15008.4             
225  	27   15039.9             
225  	28   15094.7             
225  	29   15141.9             
225  	30   15160.7             
225  	31   15077.2             
225  	32   15023               
225  	33   15198.3             
225  	34   15223.4             
225  	35   15028.7             
225  	36   14997.3             
225  	37   15137.6             
225  	38   15147.8             
225  	39   15026.8             
225  	40   15201.6             
225  	41   15019.5             
225  	42   14978.2             
225  	43   15135.1             
225  	44   14959.8             
225  	45   15013.1             
225  	46   14954.1             
225  	47   14949.7             
225  	48   14946.2             
225  	49   14940.6             
225  	50   14910.2             
225  	51   14926.2             
225  	52   14899.6             
225  	53   14882               
225  	54   14889.2             
225  	55   14910.9             
225  	56   14911.8             
225  	57   14914               
225  	58   14919.2             
225  	59   14924.1             
225  	60   14956.8             
225  	61   14957.9             
225  	62   14982.2             
225  	63   15032.9             
225  	64   15077.2             
225  	65   15119.2             
225  	66   15161.5             
225  	67   15142.3             
225  	68   15097.2             
225  	69   15057.3             
225  	70   15005               
225  	71   14978               
225  	72   14982.6             
225  	73   14980.2             
225  	74   14974.9             
225  	75   14978               
225  	76   14964.3             
225  	77   14915.1             
225  	78   14883.9             
225  	79   14876.8             
225  	80   14901               
225  	81   14961.5             
225  	82   14951.7             
225  	83   14921.2             
225  	84   14905.6             
225  	85   14869.6             
225  	86   14855.3             
225  	87   14859.8             
225  	88   14857               
225  	89   14865.8             
225  	90   14888               
225  	91   14841.6             
225  	92   14839.4             
225  	93   14867.5             
225  	94   14843.7             
225  	95   14841.2             
225  	96   14855.2             
225  	97   14841.6             
225  	98   14840.4             
225  	99   14847.2             
225  	100  14841.6             
225  	101  14840.9             
225  	102  14840.7             
225  	103  14842               
225  	104  14843.3             
225  	105  14842.3             
225  	106  14840.2             
225  	107  14839.6             
225  	108  14840               
225  	109  14840.7             
225  	110  14841.2             
225  	111  14841.3             
225  	112  14839.8             
225  	113  14839.3             
225  	114  14840               
225  	115  14840.9             
225  	116  14841.6             
225  	117  14841.6             
225  	118  14841.5             
225  	119  14841.1             
225  	120  14840.5             
225  	121  14840.4             
225  	122  14840.9             
225  	123  14842.4             
225  	124  14842               
225  	125  14842.3             
225  	126  14843.5             
225  	127  14844.7             
225  	128  14846.5             
225  	129  14848.9             
225  	130  14851.2             
225  	131  14854.2             
225  	132  14859.1             
225  	133  14862.8             
225  	134  14868.8             
225  	135  14881.8             
225  	136  14890.6             
225  	137  14900.1             
225  	138  14914.2             
225  	139  14928.9             
225  	140  14944.9             
225  	141  14962.7             
225  	142  14980.3             
225  	143  14999.3             
225  	144  15021               
225  	145  15045.9             
225  	146  15073.5             
225  	147  15104.7             
225  	148  15140.4             
225  	149  15179.8             
225  	150  15224.4             
225  	151  15274.7             
225  	152  15330               
225  	153  15391.9             
225  	154  15460.6             
225  	155  15535.2             
225  	156  15617.5             
225  	157  15707.2             
225  	158  15803.1             
225  	159  15906.6             
225  	160  16016.6             
225  	161  16132.1             
225  	162  16253.1             
225  	163  16377.6             
225  	164  16505.1             
225  	165  16632.7             
225  	166  16757.7             
225  	167  16880.7             
225  	168  16994.1             
225  	169  17108               
225  	170  17190.8             
225  	171  17268.1             
225  	172  17337.7             
225  	173  17405.6             
225  	174  17472.6             
225  	175  17544.6             
225  	176  17618.4             
225  	177  17678.3             
225  	178  17713.6             
225  	179  17730.5             
225  	180  17709.7             
225  	181  17655.4             
225  	182  17568.6             
225  	183  17387.6             
225  	184  17184.5             
225  	185  16968.1             
225  	186  16761.5             
225  	187  16587               
225  	188  16443               
225  	189  16363.1             
225  	190  16261.7             
225  	191  16141.7             
225  	192  15968.6             
225  	193  15832.3             
225  	194  15725.8             
225  	195  15624               
225  	196  15476.5             
225  	197  15309.1             
225  	198  15258.4             
225  	199  15208.8             
225  	200  15160.8             
225  	201  15153               
225  	202  15153.1             
225  	203  15162.6             
225  	204  15132.1             
225  	205  15105.3             
225  	206  15080.6             
225  	207  15074.1             
225  	208  15077.4             
225  	209  15090.7             
225  	210  15097.5             
225  	211  15094.9             
225  	212  15081.8             
225  	213  15076.2             
225  	214  15068.1             
225  	215  15056.2             
225  	216  15041.9             
225  	217  15027.6             
225  	218  15013.3             
225  	219  14993.5             
225  	220  14974.2             
225  	221  14956               
225  	222  14940.4             
225  	223  14925.3             
225  	224  14910.4             
225  	225  14896.9             
225  	226  14883.9             
225  	227  14871.5             
225  	228  14860.3             
225  	229  14850.4             
225  	230  14842.2             
225  	231  14834.2             
225  	232  14827               
225  	233  14820.5             
225  	234  14820.7             
225  	235  14816.5             
225  	236  14813.2             
225  	237  14811               
225  	238  14809.2             
225  	239  14807.8             
225  	240  14805.9             
225  	241  14804.4             
225  	242  14802.8             
225  	243  14801.7             
225  	244  14801               
225  	245  14800.5             
225  	246  14799.9             
225  	247  14799.3             
225  	248  14798.7             
225  	249  14798.5             
225  	250  14798.3             
225  	251  14798               
225  	252  14797.8             
225  	253  14797.8             
225  	254  14797.8             
225  	255  14797.8             
225  	256  14797.9             
225  	257  14798               
225  	258  14798.3             
225  	259  14798.5             
225  	260  14798.9             
225  	261  14799.3             
225  	262  14799.8             
225  	263  14800.3             
225  	264  14801               
225  	265  14801.7             
225  	266  14802.5             
225  	267  14803.4             
225  	268  14804.3             
225  	269  14805.3             
225  	270  14806.4             
225  	271  14807.6             
225  	272  14808.8             
225  	273  14811.4             
225  	274  14812.7             
225  	275  14813.9             
225  	276  14815.2             
225  	277  14816.5             
225  	278  14817.7             
225  	279  14819               
225  	280  14820.1             
225  	281  14821.3             
225  	282  14822.5             
225  	283  14823.6             
225  	284  14824.6             
225  	285  14825.6             
225  	286  14826.6             
225  	287  14827.5             
225  	288  14829.4             
225  	289  14829.2             
225  	290  14829.9             
225  	291  14830.6             
225  	292  14831.3             
225  	293  14831.9             
225  	294  14832.5             
225  	295  14833.1             
225  	296  14833.6             
225  	297  14834               
225  	298  14834.5             
225  	299  14834.9             
