19   	0    14999.2             
19   	1    14999.2             
19   	2    14999.2             
19   	3    14999.2             
19   	4    14999.2             
19   	5    14999.3             
19   	6    14999.2             
19   	7    14999.2             
19   	8    14999.2             
19   	9    14999.2             
19   	10   14999.2             
19   	11   14999.2             
19   	12   14999.2             
19   	13   14999.2             
19   	14   14999.2             
19   	15   14999.2             
19   	16   14999.2             
19   	17   14999.2             
19   	18   14999.2             
19   	19   14999.2             
19   	20   14999.2             
19   	21   14999.2             
19   	22   14999.2             
19   	23   14999.2             
19   	24   14999.2             
19   	25   14999.2             
19   	26   14999.2             
19   	27   14999.2             
19   	28   14999.2             
19   	29   14999.2             
19   	30   14999.2             
19   	31   14999.2             
19   	32   14999.2             
19   	33   14999.2             
19   	34   14999.2             
19   	35   14999.2             
19   	36   14999.2             
19   	37   14999.2             
19   	38   14999.2             
19   	39   14999.2             
19   	40   14999.2             
19   	41   14999.2             
19   	42   14999.2             
19   	43   14999.2             
19   	44   14999.2             
19   	45   14999.1             
19   	46   14999.2             
19   	47   14999.2             
19   	48   14999.2             
19   	49   14999.1             
19   	50   14999.1             
19   	51   14999.1             
19   	52   14999.1             
19   	53   14999.1             
19   	54   14999.1             
19   	55   14999.1             
19   	56   14999               
19   	57   14999               
19   	58   14999               
19   	59   14999               
19   	60   14999               
19   	61   14999               
19   	62   14999               
19   	63   14999               
19   	64   14999               
19   	65   14999               
19   	66   14999.1             
19   	67   14999.1             
19   	68   14999.1             
19   	69   14999.1             
19   	70   14999.1             
19   	71   14999.2             
19   	72   14999.2             
19   	73   14999.1             
19   	74   14999.1             
19   	75   14999.1             
19   	76   14999.1             
19   	77   14999.1             
19   	78   14999.1             
19   	79   14999.1             
19   	80   14999.1             
19   	81   14999.1             
19   	82   14999.1             
19   	83   14999.1             
19   	84   14999               
19   	85   14999               
19   	86   14999               
19   	87   14999               
19   	88   14999               
19   	89   14999               
19   	90   14999               
19   	91   14999               
19   	92   14999               
19   	93   14999               
19   	94   14999               
19   	95   14999.1             
19   	96   14999.2             
19   	97   14999.2             
19   	98   14999.2             
19   	99   14999.2             
19   	100  14999.2             
19   	101  14999.2             
19   	102  14999.2             
19   	103  14999.2             
19   	104  14999.2             
19   	105  14999.2             
19   	106  14999.2             
19   	107  14999.2             
19   	108  14999.2             
19   	109  14999.2             
19   	110  14999.2             
19   	111  14999.2             
19   	112  14999.2             
19   	113  14999.2             
19   	114  14999.2             
19   	115  14999.2             
19   	116  14999.2             
19   	117  14999.2             
19   	118  14999.2             
19   	119  14999.2             
19   	120  14999.2             
19   	121  14999.2             
19   	122  14999.2             
19   	123  14999.2             
19   	124  14999.2             
19   	125  14999.2             
19   	126  14999.2             
19   	127  14999.2             
19   	128  14999.2             
19   	129  14999.2             
19   	130  14999.1             
19   	131  14999.1             
19   	132  14999.1             
19   	133  14999.2             
19   	134  14999.1             
19   	135  14999.1             
19   	136  14999.1             
19   	137  14999.1             
19   	138  14999.1             
19   	139  14999.1             
19   	140  14999.1             
19   	141  14999.1             
19   	142  14999.1             
19   	143  14999.1             
19   	144  14999.1             
19   	145  14999.1             
19   	146  14999.1             
19   	147  14999.1             
19   	148  14999.1             
19   	149  14999.1             
19   	150  14999.1             
19   	151  14999.1             
19   	152  14999.1             
19   	153  14999.1             
19   	154  14999.1             
19   	155  14999               
19   	156  14999               
19   	157  14999               
19   	158  14999               
19   	159  14999.1             
19   	160  14999.2             
19   	161  14999.3             
19   	162  14999.2             
19   	163  14999.2             
19   	164  14999.2             
19   	165  14999.4             
19   	166  14999.5             
19   	167  14999.6             
19   	168  14999.8             
19   	169  14999.8             
19   	170  14999.5             
19   	171  14999.4             
19   	172  14999.3             
19   	173  14999.1             
19   	174  14999               
19   	175  14998.6             
19   	176  14998.1             
19   	177  14997.7             
19   	178  14997.3             
19   	179  14996.8             
19   	180  14996.2             
19   	181  14995.6             
19   	182  14995               
19   	183  14994.6             
19   	184  14994.4             
19   	185  14994.4             
19   	186  14994.6             
19   	187  14994.7             
19   	188  14994.9             
19   	189  14994.7             
19   	190  14994.5             
19   	191  14994.4             
19   	192  14994.6             
19   	193  14994.9             
19   	194  14995.5             
19   	195  14995.9             
19   	196  14996.2             
19   	197  14996.2             
19   	198  14996.4             
19   	199  14996.6             
19   	200  14996.8             
19   	201  14996.3             
19   	202  14996.1             
19   	203  14996.2             
19   	204  14995.4             
19   	205  14994.6             
19   	206  14993.6             
19   	207  14992.3             
19   	208  14990.8             
19   	209  14989.2             
19   	210  14986.8             
19   	211  14984.5             
19   	212  14982.3             
19   	213  14980.9             
19   	214  14980               
19   	215  14979.6             
19   	216  14979.6             
19   	217  14979.2             
19   	218  14978.3             
19   	219  14976.1             
19   	220  14973.5             
19   	221  14970.5             
19   	222  14967.4             
19   	223  14964.7             
19   	224  14962.6             
19   	225  14961.2             
19   	226  14960.4             
19   	227  14960.2             
19   	228  14956.9             
19   	229  14953.6             
19   	230  14949.7             
19   	231  14945.3             
19   	232  14940.8             
19   	233  14936.3             
19   	234  14932               
19   	235  14927.7             
19   	236  14923.3             
19   	237  14918.5             
19   	238  14913               
19   	239  14906.3             
19   	240  14899.3             
19   	241  14892.7             
19   	242  14887               
19   	243  14880.5             
19   	244  14874               
19   	245  14868.7             
19   	246  14861               
19   	247  14854.4             
19   	248  14848               
19   	249  14842.4             
19   	250  14838               
19   	251  14834.7             
19   	252  14834               
19   	253  14836.7             
19   	254  14843.3             
19   	255  14854.7             
19   	256  14872.5             
19   	257  14897               
19   	258  14929.1             
19   	259  14970               
19   	260  15009.9             
19   	261  15036.6             
19   	262  15063.2             
19   	263  15084.9             
19   	264  15117.5             
19   	265  15182.8             
19   	266  15244.6             
19   	267  15281.3             
19   	268  15312.2             
19   	269  15277.7             
19   	270  15207.8             
19   	271  15148.1             
19   	272  15072.3             
19   	273  15025               
19   	274  15003.7             
19   	275  14995.9             
19   	276  14996.5             
19   	277  14997.9             
19   	278  14998.3             
19   	279  14998.5             
19   	280  14998.6             
19   	281  14998.7             
19   	282  14998.7             
19   	283  14998.8             
19   	284  14998.9             
19   	285  14998.9             
19   	286  14999               
19   	287  14999.1             
19   	288  14999.1             
19   	289  14999.1             
19   	290  14999.1             
19   	291  14999.1             
19   	292  14999.1             
19   	293  14999.1             
19   	294  14999.1             
19   	295  14999.1             
19   	296  14999.2             
19   	297  14999.1             
19   	298  14999.2             
19   	299  14999.1             
