222  	0    15003.6             
222  	1    15004.6             
222  	2    15005.9             
222  	3    15007.5             
222  	4    15009.4             
222  	5    15011.8             
222  	6    15014.4             
222  	7    15017.6             
222  	8    15021               
222  	9    15024.3             
222  	10   15027.7             
222  	11   15029               
222  	12   15028.3             
222  	13   15024.8             
222  	14   15015.6             
222  	15   15005.7             
222  	16   14999.3             
222  	17   15002.8             
222  	18   15018.3             
222  	19   15040.6             
222  	20   15053.3             
222  	21   15053.5             
222  	22   15042               
222  	23   15018.7             
222  	24   15001.8             
222  	25   14995.8             
222  	26   15007               
222  	27   15036.4             
222  	28   15088               
222  	29   15131.4             
222  	30   15146.1             
222  	31   15068               
222  	32   15017.6             
222  	33   15168.8             
222  	34   15196.6             
222  	35   15024.5             
222  	36   14996.9             
222  	37   15127.2             
222  	38   15133.8             
222  	39   15021.9             
222  	40   15172.6             
222  	41   15014.3             
222  	42   14977.9             
222  	43   15123.1             
222  	44   14960.3             
222  	45   15006.1             
222  	46   14954.6             
222  	47   14950.2             
222  	48   14946               
222  	49   14939.7             
222  	50   14911.4             
222  	51   14924.9             
222  	52   14898.8             
222  	53   14880.4             
222  	54   14883.9             
222  	55   14901.2             
222  	56   14897.3             
222  	57   14892.8             
222  	58   14889.7             
222  	59   14886.5             
222  	60   14907.5             
222  	61   14903.8             
222  	62   14925               
222  	63   14970.3             
222  	64   15014.3             
222  	65   15060               
222  	66   15106.7             
222  	67   15100.2             
222  	68   15069.1             
222  	69   15039.9             
222  	70   14997.1             
222  	71   14975               
222  	72   14980.3             
222  	73   14977.7             
222  	74   14971.8             
222  	75   14973               
222  	76   14959.1             
222  	77   14912.1             
222  	78   14880.9             
222  	79   14873.9             
222  	80   14895.5             
222  	81   14949.5             
222  	82   14943.9             
222  	83   14918.8             
222  	84   14905.9             
222  	85   14872.7             
222  	86   14859               
222  	87   14862.4             
222  	88   14860.2             
222  	89   14868.5             
222  	90   14888.6             
222  	91   14846.5             
222  	92   14844.7             
222  	93   14870.7             
222  	94   14848.6             
222  	95   14846.3             
222  	96   14859.2             
222  	97   14846.8             
222  	98   14845.7             
222  	99   14851.8             
222  	100  14846.8             
222  	101  14846.2             
222  	102  14846               
222  	103  14847.2             
222  	104  14848.4             
222  	105  14847.4             
222  	106  14845.5             
222  	107  14844.9             
222  	108  14845.2             
222  	109  14846               
222  	110  14846.6             
222  	111  14847               
222  	112  14845.4             
222  	113  14844.7             
222  	114  14845.2             
222  	115  14846.3             
222  	116  14847.6             
222  	117  14848.9             
222  	118  14847.4             
222  	119  14846.7             
222  	120  14847.6             
222  	121  14846.1             
222  	122  14845.9             
222  	123  14848.2             
222  	124  14847.2             
222  	125  14847.1             
222  	126  14848.2             
222  	127  14849.5             
222  	128  14851.2             
222  	129  14853.6             
222  	130  14855.8             
222  	131  14858.8             
222  	132  14863.5             
222  	133  14867.1             
222  	134  14872.6             
222  	135  14883.9             
222  	136  14893.3             
222  	137  14902.1             
222  	138  14909.8             
222  	139  14927.4             
222  	140  14948.1             
222  	141  14965.5             
222  	142  14984.2             
222  	143  15004.6             
222  	144  15027.5             
222  	145  15053.1             
222  	146  15081.6             
222  	147  15113.7             
222  	148  15150.6             
222  	149  15191.6             
222  	150  15238.1             
222  	151  15290.8             
222  	152  15348.8             
222  	153  15414               
222  	154  15486.7             
222  	155  15565.8             
222  	156  15653.4             
222  	157  15749.1             
222  	158  15851.7             
222  	159  15962.8             
222  	160  16081.2             
222  	161  16205.8             
222  	162  16336.8             
222  	163  16472.2             
222  	164  16611.4             
222  	165  16752.1             
222  	166  16891.7             
222  	167  17030.5             
222  	168  17161.1             
222  	169  17280.9             
222  	170  17392.9             
222  	171  17484.1             
222  	172  17562               
222  	173  17634.3             
222  	174  17699.4             
222  	175  17771.5             
222  	176  17848.4             
222  	177  17921.1             
222  	178  17970.8             
222  	179  18002.4             
222  	180  17990.3             
222  	181  17952.5             
222  	182  17887.2             
222  	183  17725.1             
222  	184  17510.6             
222  	185  17265.6             
222  	186  17012.5             
222  	187  16785.6             
222  	188  16587.9             
222  	189  16490.6             
222  	190  16398.1             
222  	191  16305.2             
222  	192  16116.3             
222  	193  15940.1             
222  	194  15778.7             
222  	195  15699.6             
222  	196  15559.9             
222  	197  15384.7             
222  	198  15286.8             
222  	199  15225.9             
222  	200  15192.9             
222  	201  15164.6             
222  	202  15158.9             
222  	203  15176.3             
222  	204  15145               
222  	205  15119.4             
222  	206  15099.7             
222  	207  15091               
222  	208  15090.3             
222  	209  15097.8             
222  	210  15105.9             
222  	211  15105.9             
222  	212  15096.2             
222  	213  15091               
222  	214  15084.3             
222  	215  15075.3             
222  	216  15059.3             
222  	217  15043.8             
222  	218  15029.4             
222  	219  15008.1             
222  	220  14987.2             
222  	221  14967.6             
222  	222  14949.3             
222  	223  14931.6             
222  	224  14914.4             
222  	225  14899.6             
222  	226  14885.7             
222  	227  14872.5             
222  	228  14860.6             
222  	229  14849.9             
222  	230  14841               
222  	231  14832.7             
222  	232  14825.1             
222  	233  14818.1             
222  	234  14817.7             
222  	235  14813.4             
222  	236  14810               
222  	237  14807.7             
222  	238  14805.9             
222  	239  14804.6             
222  	240  14803               
222  	241  14801.5             
222  	242  14799.9             
222  	243  14799               
222  	244  14798.3             
222  	245  14797.9             
222  	246  14797.3             
222  	247  14796.8             
222  	248  14796.3             
222  	249  14796.1             
222  	250  14796               
222  	251  14795.7             
222  	252  14795.6             
222  	253  14795.5             
222  	254  14795.5             
222  	255  14795.5             
222  	256  14795.6             
222  	257  14795.7             
222  	258  14795.9             
222  	259  14796.1             
222  	260  14796.4             
222  	261  14804.8             
222  	262  14797.7             
222  	263  14797.8             
222  	264  14798.5             
222  	265  14799.3             
222  	266  14800.1             
222  	267  14801.1             
222  	268  14802.2             
222  	269  14803.4             
222  	270  14804.6             
222  	271  14806               
222  	272  14807.4             
222  	273  14810.3             
222  	274  14811.8             
222  	275  14813.4             
222  	276  14814.9             
222  	277  14816.5             
222  	278  14818.1             
222  	279  14819.6             
222  	280  14821.1             
222  	281  14822.6             
222  	282  14824               
222  	283  14825.4             
222  	284  14826.7             
222  	285  14827.9             
222  	286  14829.1             
222  	287  14830.2             
222  	288  14831.2             
222  	289  14832.2             
222  	290  14833.2             
222  	291  14834.1             
222  	292  14834.9             
222  	293  14835.6             
222  	294  14836.3             
222  	295  14837               
222  	296  14837.6             
222  	297  14838.2             
222  	298  14838.7             
222  	299  14839.2             
