176  	0    15000.1             
176  	1    15000.5             
176  	2    15000.4             
176  	3    15000.7             
176  	4    15000.9             
176  	5    15001.2             
176  	6    15001.4             
176  	7    15001.7             
176  	8    15001.9             
176  	9    15002               
176  	10   15002.1             
176  	11   15002               
176  	12   15001.8             
176  	13   15001.4             
176  	14   15000.6             
176  	15   14999.8             
176  	16   14998.9             
176  	17   14998.1             
176  	18   14997.5             
176  	19   14997.4             
176  	20   14997.5             
176  	21   14997.6             
176  	22   14997.4             
176  	23   14996.8             
176  	24   14996.2             
176  	25   14996.6             
176  	26   14999               
176  	27   15003.6             
176  	28   15010.3             
176  	29   15013.3             
176  	30   15011.2             
176  	31   15002.4             
176  	32   14994.7             
176  	33   14996.2             
176  	34   14998.8             
176  	35   14993.5             
176  	36   14995.8             
176  	37   15012.1             
176  	38   15007.9             
176  	39   14994.5             
176  	40   14991.1             
176  	41   14986.5             
176  	42   14988.1             
176  	43   15004               
176  	44   14983.4             
176  	45   14978.7             
176  	46   14980.2             
176  	47   14978.5             
176  	48   14974.7             
176  	49   14969.6             
176  	50   14965.2             
176  	51   14963.4             
176  	52   14956.8             
176  	53   14949.4             
176  	54   14943.5             
176  	55   14943.1             
176  	56   14937.8             
176  	57   14930.8             
176  	58   14923               
176  	59   14917               
176  	60   14913.1             
176  	61   14910.6             
176  	62   14912.8             
176  	63   14915.6             
176  	64   14920.3             
176  	65   14929.6             
176  	66   14941.1             
176  	67   14951.3             
176  	68   14960.7             
176  	69   14969.3             
176  	70   14974.5             
176  	71   14978.4             
176  	72   14981.8             
176  	73   14979.4             
176  	74   14974.5             
176  	75   14968.8             
176  	76   14963.8             
176  	77   14954.2             
176  	78   14944.8             
176  	79   14944.7             
176  	80   14947.8             
176  	81   14953.4             
176  	82   14959.6             
176  	83   14961.5             
176  	84   14961.4             
176  	85   14955.9             
176  	86   14952.6             
176  	87   14951.5             
176  	88   14952.8             
176  	89   14954.9             
176  	90   14957.4             
176  	91   14951.9             
176  	92   14951.9             
176  	93   14956.4             
176  	94   14952.8             
176  	95   14952.4             
176  	96   14954.6             
176  	97   14953               
176  	98   14952.7             
176  	99   14953.3             
176  	100  14953               
176  	101  14952.7             
176  	102  14952.2             
176  	103  14952.9             
176  	104  14953.1             
176  	105  14952.7             
176  	106  14952.3             
176  	107  14952.1             
176  	108  14952.2             
176  	109  14952.4             
176  	110  14952.3             
176  	111  14952.1             
176  	112  14951.8             
176  	113  14951.7             
176  	114  14951.8             
176  	115  14951.9             
176  	116  14952.8             
176  	117  14955               
176  	118  14956.9             
176  	119  14957.6             
176  	120  14955.7             
176  	121  14953.7             
176  	122  14954.3             
176  	123  14960.3             
176  	124  14972.6             
176  	125  14978.4             
176  	126  14963.8             
176  	127  14972.9             
176  	128  14976.5             
176  	129  14958.4             
176  	130  14960.7             
176  	131  14965.7             
176  	132  14965.4             
176  	133  14959.2             
176  	134  14955.2             
176  	135  14955.1             
176  	136  14956.2             
176  	137  14957               
176  	138  14956.9             
176  	139  14959               
176  	140  14961.8             
176  	141  14964.2             
176  	142  14969.6             
176  	143  14977.2             
176  	144  14984.3             
176  	145  14991.6             
176  	146  15001.7             
176  	147  15022.2             
176  	148  15043.1             
176  	149  15066.6             
176  	150  15098.4             
176  	151  15133.4             
176  	152  15173.1             
176  	153  15221.6             
176  	154  15281.6             
176  	155  15353.5             
176  	156  15445               
176  	157  15560.2             
176  	158  15698.3             
176  	159  15872.8             
176  	160  16089.6             
176  	161  16343.9             
176  	162  16654.4             
176  	163  17016               
176  	164  17416.6             
176  	165  17861.5             
176  	166  18317.9             
176  	167  18775.4             
176  	168  19189.9             
176  	169  19527.4             
176  	170  19810.7             
176  	171  19963.8             
176  	172  20062.3             
176  	173  20164               
176  	174  20344.3             
176  	175  20715.8             
176  	176  21251.2             
176  	177  21990               
176  	178  22766.3             
176  	179  23535.2             
176  	180  24138.3             
176  	181  24488.9             
176  	182  24619.9             
176  	183  24162.6             
176  	184  23333.9             
176  	185  22186.3             
176  	186  20701.1             
176  	187  19404.7             
176  	188  18374.3             
176  	189  17975.8             
176  	190  17740.6             
176  	191  17608.7             
176  	192  17378.5             
176  	193  17129.3             
176  	194  16872.7             
176  	195  16538.3             
176  	196  16166.6             
176  	197  15789.3             
176  	198  15861.9             
176  	199  15737.8             
176  	200  15484.5             
176  	201  15449               
176  	202  15398.4             
176  	203  15340               
176  	204  15316.7             
176  	205  15322.9             
176  	206  15346               
176  	207  15332.2             
176  	208  15344.2             
176  	209  15377.7             
176  	210  15429.2             
176  	211  15480.2             
176  	212  15527.2             
176  	213  15556.1             
176  	214  15580.1             
176  	215  15598               
176  	216  15582.8             
176  	217  15556.5             
176  	218  15517               
176  	219  15452               
176  	220  15383.1             
176  	221  15310.9             
176  	222  15241.5             
176  	223  15184.7             
176  	224  15142               
176  	225  15118.2             
176  	226  15105               
176  	227  15099.5             
176  	228  15097.6             
176  	229  15097.1             
176  	230  15097.8             
176  	231  15098.9             
176  	232  15102.1             
176  	233  15108.1             
176  	234  15115.4             
176  	235  15123.4             
176  	236  15130.6             
176  	237  15137.7             
176  	238  15145.1             
176  	239  15151.9             
176  	240  15155.5             
176  	241  15157.8             
176  	242  15158.9             
176  	243  15159.4             
176  	244  15159.8             
176  	245  15160.2             
176  	246  15159.5             
176  	247  15158               
176  	248  15155               
176  	249  15151               
176  	250  15146.3             
176  	251  15140.1             
176  	252  15131.9             
176  	253  15122.4             
176  	254  15110.3             
176  	255  15095.4             
176  	256  15079               
176  	257  15059.3             
176  	258  15036.6             
176  	259  15013.3             
176  	260  14987.9             
176  	261  14961.8             
176  	262  14945.6             
176  	263  14916               
176  	264  14896.9             
176  	265  14882.9             
176  	266  14872               
176  	267  14864.8             
176  	268  14861.8             
176  	269  14860.6             
176  	270  14861.4             
176  	271  14864.6             
176  	272  14868.2             
176  	273  14872.9             
176  	274  14878.7             
176  	275  14884.4             
176  	276  14890.4             
176  	277  14896.5             
176  	278  14902.1             
176  	279  14907.4             
176  	280  14912.3             
176  	281  14916.6             
176  	282  14920.5             
176  	283  14923.9             
176  	284  14926.9             
176  	285  14929.5             
176  	286  14932               
176  	287  14933.9             
176  	288  14935.8             
176  	289  14937.4             
176  	290  14938.8             
176  	291  14940.1             
176  	292  14941.2             
176  	293  14942.3             
176  	294  14943.2             
176  	295  14944               
176  	296  14944.7             
176  	297  14945.4             
176  	298  14946               
176  	299  14946.6             
