124  	0    14999.3             
124  	1    14999.4             
124  	2    14999.4             
124  	3    14999.4             
124  	4    14999.4             
124  	5    14999.5             
124  	6    14999.5             
124  	7    14999.5             
124  	8    14999.5             
124  	9    14999.5             
124  	10   14999.5             
124  	11   14999.5             
124  	12   14999.5             
124  	13   14999.4             
124  	14   14999.4             
124  	15   14999.3             
124  	16   14999.2             
124  	17   14999               
124  	18   14998.9             
124  	19   14998.7             
124  	20   14998.6             
124  	21   14998.5             
124  	22   14998.4             
124  	23   14998.4             
124  	24   14998.5             
124  	25   14998.7             
124  	26   14999.1             
124  	27   14999.5             
124  	28   15000               
124  	29   15000.1             
124  	30   14999.9             
124  	31   14999.3             
124  	32   14998.4             
124  	33   14997.7             
124  	34   14997.4             
124  	35   14997.8             
124  	36   14998.6             
124  	37   14999.8             
124  	38   14999.4             
124  	39   14998.2             
124  	40   14996.6             
124  	41   14996.7             
124  	42   14997.3             
124  	43   14998.4             
124  	44   14996.7             
124  	45   14995.4             
124  	46   14996.1             
124  	47   14995.9             
124  	48   14995.2             
124  	49   14994.3             
124  	50   14993.9             
124  	51   14993.4             
124  	52   14992.6             
124  	53   14991.5             
124  	54   14990.6             
124  	55   14990.5             
124  	56   14989.9             
124  	57   14989               
124  	58   14988               
124  	59   14987.3             
124  	60   14986.8             
124  	61   14986.5             
124  	62   14986.6             
124  	63   14986.9             
124  	64   14987.3             
124  	65   14988.2             
124  	66   14989.5             
124  	67   14990.8             
124  	68   14992.2             
124  	69   14993.7             
124  	70   14994.8             
124  	71   14995.6             
124  	72   14996.1             
124  	73   14995.7             
124  	74   14994.8             
124  	75   14993.8             
124  	76   14993.1             
124  	77   14991.9             
124  	78   14990.7             
124  	79   14990.8             
124  	80   14991.2             
124  	81   14991.8             
124  	82   14992.8             
124  	83   14993.3             
124  	84   14993.2             
124  	85   14992.5             
124  	86   14992.1             
124  	87   14991.9             
124  	88   14992.1             
124  	89   14992.4             
124  	90   14992.9             
124  	91   14992.1             
124  	92   14992.1             
124  	93   14992.7             
124  	94   14992.2             
124  	95   14992.2             
124  	96   14992.6             
124  	97   14992.4             
124  	98   14992.3             
124  	99   14992.4             
124  	100  14992.4             
124  	101  14992.4             
124  	102  14992.3             
124  	103  14992.4             
124  	104  14992.4             
124  	105  14992.4             
124  	106  14992.3             
124  	107  14992.3             
124  	108  14992.3             
124  	109  14992.3             
124  	110  14992.3             
124  	111  14992.3             
124  	112  14992.3             
124  	113  14992.2             
124  	114  14992.2             
124  	115  14992.2             
124  	116  14992.1             
124  	117  14992.1             
124  	118  14992.1             
124  	119  14992               
124  	120  14992               
124  	121  14992               
124  	122  14992.1             
124  	123  14992.3             
124  	124  14992               
124  	125  14991.8             
124  	126  14991.7             
124  	127  14991.6             
124  	128  14991.7             
124  	129  14992.1             
124  	130  14992.5             
124  	131  14993.3             
124  	132  14995.1             
124  	133  14994.7             
124  	134  14993.9             
124  	135  14993.6             
124  	136  14994.2             
124  	137  14995.5             
124  	138  14997.6             
124  	139  15000.4             
124  	140  15002               
124  	141  14999.2             
124  	142  14999.6             
124  	143  15000.5             
124  	144  15000.8             
124  	145  15001.3             
124  	146  15000.7             
124  	147  14997.3             
124  	148  14996.6             
124  	149  14996.6             
124  	150  14996.3             
124  	151  14995               
124  	152  14993.8             
124  	153  14993.4             
124  	154  14992.9             
124  	155  14992.7             
124  	156  14994               
124  	157  14996.2             
124  	158  15001.2             
124  	159  15008.9             
124  	160  15024.7             
124  	161  15050.3             
124  	162  15093.8             
124  	163  15163.5             
124  	164  15264               
124  	165  15413.7             
124  	166  15615.5             
124  	167  15864.1             
124  	168  16151.2             
124  	169  16436.2             
124  	170  16704.4             
124  	171  16862.2             
124  	172  16905.5             
124  	173  16877.2             
124  	174  16761               
124  	175  16721               
124  	176  16795               
124  	177  17105.3             
124  	178  17594.1             
124  	179  18240.5             
124  	180  19009.8             
124  	181  19783.7             
124  	182  20516.7             
124  	183  20938.4             
124  	184  20976.7             
124  	185  20710.2             
124  	186  19881.3             
124  	187  19020               
124  	188  18189.7             
124  	189  17885.3             
124  	190  17831.9             
124  	191  17942.1             
124  	192  17750.8             
124  	193  17297.6             
124  	194  16659.8             
124  	195  16230.2             
124  	196  15988.5             
124  	197  15898.7             
124  	198  15542.4             
124  	199  15346.9             
124  	200  15256.9             
124  	201  15156.8             
124  	202  15087.3             
124  	203  15046.5             
124  	204  15064.2             
124  	205  15052.6             
124  	206  15026.2             
124  	207  15027.6             
124  	208  15052.9             
124  	209  15087.1             
124  	210  15125.3             
124  	211  15169.1             
124  	212  15217.8             
124  	213  15265               
124  	214  15315.2             
124  	215  15366.3             
124  	216  15406.7             
124  	217  15442.7             
124  	218  15471               
124  	219  15482.8             
124  	220  15487.8             
124  	221  15484.2             
124  	222  15470.9             
124  	223  15458.9             
124  	224  15449.3             
124  	225  15446.7             
124  	226  15449.9             
124  	227  15457.7             
124  	228  15466.5             
124  	229  15479.3             
124  	230  15497.2             
124  	231  15522               
124  	232  15552.2             
124  	233  15584.7             
124  	234  15614.8             
124  	235  15646.2             
124  	236  15677.5             
124  	237  15701.5             
124  	238  15720.4             
124  	239  15729.1             
124  	240  15733.4             
124  	241  15736.2             
124  	242  15737.8             
124  	243  15738.7             
124  	244  15739.3             
124  	245  15739.7             
124  	246  15750.9             
124  	247  15738.7             
124  	248  15749.9             
124  	249  15734.2             
124  	250  15730.8             
124  	251  15726.2             
124  	252  15719.6             
124  	253  15711.6             
124  	254  15700.5             
124  	255  15684.6             
124  	256  15664.8             
124  	257  15637.2             
124  	258  15597.8             
124  	259  15551.1             
124  	260  15489.1             
124  	261  15413.4             
124  	262  15341.7             
124  	263  15270.5             
124  	264  15209.9             
124  	265  15172.9             
124  	266  15141.9             
124  	267  15113.4             
124  	268  15094.8             
124  	269  15064.1             
124  	270  15032.7             
124  	271  15010.4             
124  	272  14986.9             
124  	273  14973.7             
124  	274  14968.9             
124  	275  14968               
124  	276  14970.7             
124  	277  14974.4             
124  	278  14977.5             
124  	279  14980.1             
124  	280  14982.3             
124  	281  14983.8             
124  	282  14985.1             
124  	283  14986.1             
124  	284  14986.9             
124  	285  14987.5             
124  	286  14988.1             
124  	287  14988.6             
124  	288  14988.9             
124  	289  14989.3             
124  	290  14989.6             
124  	291  14989.8             
124  	292  14990               
124  	293  14990.2             
124  	294  14990.4             
124  	295  14990.6             
124  	296  14990.7             
124  	297  14990.8             
124  	298  14990.9             
124  	299  14991               
