172  	0    15000               
172  	1    15000.1             
172  	2    15000.3             
172  	3    15000.4             
172  	4    15000.6             
172  	5    15000.8             
172  	6    15001               
172  	7    15001.3             
172  	8    15001.4             
172  	9    15001.6             
172  	10   15001.7             
172  	11   15001.6             
172  	12   15001.3             
172  	13   15001               
172  	14   15000.4             
172  	15   14999.7             
172  	16   14998.9             
172  	17   14998.2             
172  	18   14997.6             
172  	19   14997.4             
172  	20   14997.3             
172  	21   14997.3             
172  	22   14997.1             
172  	23   14996.7             
172  	24   14996.4             
172  	25   14996.9             
172  	26   14998.9             
172  	27   15002.7             
172  	28   15008.1             
172  	29   15010.4             
172  	30   15008.6             
172  	31   15001.5             
172  	32   14995.1             
172  	33   14995.5             
172  	34   14997.1             
172  	35   14993.7             
172  	36   14996.1             
172  	37   15009.3             
172  	38   15006.1             
172  	39   14994.8             
172  	40   14990.6             
172  	41   14987.6             
172  	42   14989.3             
172  	43   15001.6             
172  	44   14985.3             
172  	45   14980.6             
172  	46   14982.4             
172  	47   14981               
172  	48   14977.5             
172  	49   14973               
172  	50   14969.3             
172  	51   14967.6             
172  	52   14961.9             
172  	53   14955.5             
172  	54   14950.4             
172  	55   14949.9             
172  	56   14945.4             
172  	57   14939.5             
172  	58   14932.8             
172  	59   14927.7             
172  	60   14924.3             
172  	61   14922.3             
172  	62   14923.4             
172  	63   14926.3             
172  	64   14930.1             
172  	65   14937.7             
172  	66   14947.3             
172  	67   14956.1             
172  	68   14964.4             
172  	69   14972.1             
172  	70   14977               
172  	71   14980.6             
172  	72   14983.6             
172  	73   14981.4             
172  	74   14977               
172  	75   14971.9             
172  	76   14967.5             
172  	77   14959.4             
172  	78   14951.4             
172  	79   14951.5             
172  	80   14954               
172  	81   14958.7             
172  	82   14964.2             
172  	83   14966.1             
172  	84   14966               
172  	85   14961.2             
172  	86   14958.4             
172  	87   14957.4             
172  	88   14958.7             
172  	89   14960.5             
172  	90   14962.6             
172  	91   14957.9             
172  	92   14958               
172  	93   14961.8             
172  	94   14958.8             
172  	95   14958.4             
172  	96   14960.3             
172  	97   14959               
172  	98   14958.7             
172  	99   14959.2             
172  	100  14958.9             
172  	101  14958.7             
172  	102  14958.3             
172  	103  14958.9             
172  	104  14959.1             
172  	105  14958.7             
172  	106  14958.4             
172  	107  14958.2             
172  	108  14958.1             
172  	109  14958.2             
172  	110  14958.4             
172  	111  14958.4             
172  	112  14958               
172  	113  14957.8             
172  	114  14957.8             
172  	115  14957.7             
172  	116  14957.9             
172  	117  14959               
172  	118  14961.4             
172  	119  14964.9             
172  	120  14965.3             
172  	121  14961.4             
172  	122  14959.1             
172  	123  14959.4             
172  	124  14967.5             
172  	125  14976.9             
172  	126  14981.3             
172  	127  14978.9             
172  	128  14977.5             
172  	129  14980.3             
172  	130  14975.9             
172  	131  14972.2             
172  	132  14972.4             
172  	133  14972               
172  	134  14968.8             
172  	135  14961.5             
172  	136  14960.7             
172  	137  14961               
172  	138  14961.4             
172  	139  14962.2             
172  	140  14963.7             
172  	141  14966.3             
172  	142  14968.9             
172  	143  14972.6             
172  	144  14980.8             
172  	145  14988               
172  	146  14995.5             
172  	147  15005.9             
172  	148  15023.4             
172  	149  15048               
172  	150  15075.9             
172  	151  15104.8             
172  	152  15137.7             
172  	153  15181               
172  	154  15235.2             
172  	155  15300.5             
172  	156  15383.3             
172  	157  15489.9             
172  	158  15619.5             
172  	159  15786.4             
172  	160  15998.4             
172  	161  16251               
172  	162  16566.5             
172  	163  16942.5             
172  	164  17365.5             
172  	165  17847.1             
172  	166  18351.8             
172  	167  18864.1             
172  	168  19341.5             
172  	169  19736.9             
172  	170  20070.9             
172  	171  20249.7             
172  	172  20340               
172  	173  20408               
172  	174  20518               
172  	175  20834.2             
172  	176  21345.7             
172  	177  22138.7             
172  	178  23025.7             
172  	179  23938               
172  	180  24717.1             
172  	181  25246               
172  	182  25554.8             
172  	183  25243.5             
172  	184  24490.8             
172  	185  23345.9             
172  	186  21675.8             
172  	187  20091.8             
172  	188  18744.1             
172  	189  18167.4             
172  	190  17872.8             
172  	191  17741.9             
172  	192  17549.1             
172  	193  17314.7             
172  	194  17051.7             
172  	195  16741.6             
172  	196  16304.9             
172  	197  15802.3             
172  	198  15801.6             
172  	199  15710.3             
172  	200  15557.7             
172  	201  15478.3             
172  	202  15424.8             
172  	203  15390               
172  	204  15346.1             
172  	205  15333.6             
172  	206  15344.4             
172  	207  15354.9             
172  	208  15373.5             
172  	209  15403.9             
172  	210  15462.5             
172  	211  15522.2             
172  	212  15580.2             
172  	213  15619.7             
172  	214  15654               
172  	215  15681.6             
172  	216  15674.9             
172  	217  15654.4             
172  	218  15617               
172  	219  15549               
172  	220  15474.3             
172  	221  15392.7             
172  	222  15310.6             
172  	223  15241.6             
172  	224  15188.8             
172  	225  15158.8             
172  	226  15143               
172  	227  15137.5             
172  	228  15136.9             
172  	229  15138               
172  	230  15140.4             
172  	231  15143               
172  	232  15147.5             
172  	233  15154.6             
172  	234  15164.5             
172  	235  15175.4             
172  	236  15184.6             
172  	237  15192.7             
172  	238  15200.9             
172  	239  15208.5             
172  	240  15212.9             
172  	241  15215.8             
172  	242  15217.1             
172  	243  15217.7             
172  	244  15218.2             
172  	245  15218.7             
172  	246  15217.9             
172  	247  15216.3             
172  	248  15213.1             
172  	249  15208.7             
172  	250  15203.6             
172  	251  15196.9             
172  	252  15187.8             
172  	253  15177.3             
172  	254  15163.9             
172  	255  15147.2             
172  	256  15128.5             
172  	257  15106               
172  	258  15079.9             
172  	259  15052.8             
172  	260  15023               
172  	261  14992.2             
172  	262  14964.5             
172  	263  14938.3             
172  	264  14915.7             
172  	265  14899.3             
172  	266  14886.5             
172  	267  14878               
172  	268  14874.3             
172  	269  14872.2             
172  	270  14872.3             
172  	271  14875               
172  	272  14878.1             
172  	273  14882.4             
172  	274  14888               
172  	275  14893.6             
172  	276  14899.5             
172  	277  14906.2             
172  	278  14911.1             
172  	279  14916.3             
172  	280  14921.2             
172  	281  14925.3             
172  	282  14929               
172  	283  14932.3             
172  	284  14935.1             
172  	285  14937.6             
172  	286  14939.9             
172  	287  14941.7             
172  	288  14943.4             
172  	289  14944.9             
172  	290  14946.2             
172  	291  14947.3             
172  	292  14948.4             
172  	293  14949.3             
172  	294  14950.1             
172  	295  14950.9             
172  	296  14951.5             
172  	297  14952.2             
172  	298  14952.7             
172  	299  14953.2             
