256  	0    15003.7             
256  	1    15004.7             
256  	2    15006.1             
256  	3    15007.7             
256  	4    15009.7             
256  	5    15012.1             
256  	6    15014.8             
256  	7    15018.1             
256  	8    15021.6             
256  	9    15025.2             
256  	10   15028.7             
256  	11   15030.1             
256  	12   15029.4             
256  	13   15025.9             
256  	14   15016.3             
256  	15   15005.9             
256  	16   14999.3             
256  	17   15003.3             
256  	18   15020               
256  	19   15043.6             
256  	20   15056.7             
256  	21   15056.4             
256  	22   15044.2             
256  	23   15019.8             
256  	24   15002.3             
256  	25   14996.3             
256  	26   15007.9             
256  	27   15038               
256  	28   15090.7             
256  	29   15135.3             
256  	30   15151.3             
256  	31   15071.2             
256  	32   15019.6             
256  	33   15179               
256  	34   15205.9             
256  	35   15025.9             
256  	36   14997.1             
256  	37   15130.8             
256  	38   15138.5             
256  	39   15023.5             
256  	40   15182.6             
256  	41   15016.1             
256  	42   14978.2             
256  	43   15127.5             
256  	44   14960.5             
256  	45   15008.7             
256  	46   14954.5             
256  	47   14949.9             
256  	48   14946               
256  	49   14940               
256  	50   14911.2             
256  	51   14925.7             
256  	52   14899.2             
256  	53   14880.8             
256  	54   14885.4             
256  	55   14904.4             
256  	56   14902.2             
256  	57   14899.7             
256  	58   14899               
256  	59   14898.4             
256  	60   14923.3             
256  	61   14920.1             
256  	62   14942.5             
256  	63   14990               
256  	64   15033.5             
256  	65   15077.8             
256  	66   15123.2             
256  	67   15113.4             
256  	68   15078.5             
256  	69   15046.1             
256  	70   15000.2             
256  	71   14976.7             
256  	72   14981.9             
256  	73   14979.5             
256  	74   14973.2             
256  	75   14974.7             
256  	76   14960.9             
256  	77   14913.2             
256  	78   14882               
256  	79   14875.3             
256  	80   14897.7             
256  	81   14953.2             
256  	82   14946.4             
256  	83   14919.6             
256  	84   14905.5             
256  	85   14872.2             
256  	86   14858.6             
256  	87   14862.4             
256  	88   14859.7             
256  	89   14868               
256  	90   14888.7             
256  	91   14845.6             
256  	92   14843.8             
256  	93   14870.5             
256  	94   14848.1             
256  	95   14845.8             
256  	96   14858.8             
256  	97   14846.1             
256  	98   14845               
256  	99   14851.4             
256  	100  14846.2             
256  	101  14845.6             
256  	102  14845.2             
256  	103  14847               
256  	104  14854.3             
256  	105  14847.7             
256  	106  14845.9             
256  	107  14845.2             
256  	108  14845.2             
256  	109  14844.9             
256  	110  14844.9             
256  	111  14845.1             
256  	112  14845.3             
256  	113  14845.8             
256  	114  14846.6             
256  	115  14845.8             
256  	116  14845.5             
256  	117  14845.7             
256  	118  14846.2             
256  	119  14846.6             
256  	120  14847               
256  	121  14847.7             
256  	122  14848.3             
256  	123  14848.7             
256  	124  14850.1             
256  	125  14851.3             
256  	126  14852.1             
256  	127  14853.3             
256  	128  14854.9             
256  	129  14857               
256  	130  14858.9             
256  	131  14861.5             
256  	132  14865.2             
256  	133  14868.3             
256  	134  14872.4             
256  	135  14878.8             
256  	136  14884.3             
256  	137  14890.2             
256  	138  14897               
256  	139  14904.2             
256  	140  14911.9             
256  	141  14920.3             
256  	142  14929               
256  	143  14938.3             
256  	144  14948.7             
256  	145  14960.1             
256  	146  14972.5             
256  	147  14986.1             
256  	148  15001.1             
256  	149  15017.3             
256  	150  15035               
256  	151  15054.3             
256  	152  15074.9             
256  	153  15097.1             
256  	154  15120.8             
256  	155  15145.7             
256  	156  15172               
256  	157  15199.3             
256  	158  15227.4             
256  	159  15255.9             
256  	160  15284.4             
256  	161  15312.9             
256  	162  15340.5             
256  	163  15366.9             
256  	164  15392.7             
256  	165  15416.7             
256  	166  15439.6             
256  	167  15462.1             
256  	168  15483.6             
256  	169  15504.7             
256  	170  15525.7             
256  	171  15545.2             
256  	172  15561.7             
256  	173  15575.5             
256  	174  15580.8             
256  	175  15578.1             
256  	176  15569.5             
256  	177  15551.1             
256  	178  15528.7             
256  	179  15503.2             
256  	180  15471.5             
256  	181  15440.1             
256  	182  15411               
256  	183  15393.6             
256  	184  15378.2             
256  	185  15364.4             
256  	186  15348.6             
256  	187  15325.9             
256  	188  15297.5             
256  	189  15257.9             
256  	190  15224.6             
256  	191  15196.7             
256  	192  15176.4             
256  	193  15146.9             
256  	194  15111.4             
256  	195  15080.7             
256  	196  15064.1             
256  	197  15058.8             
256  	198  15042.2             
256  	199  15035.6             
256  	200  15038.1             
256  	201  15031.6             
256  	202  15024.1             
256  	203  15015.6             
256  	204  15008.2             
256  	205  15000.9             
256  	206  14993.7             
256  	207  14993.4             
256  	208  14993.5             
256  	209  14993.6             
256  	210  14987.3             
256  	211  14981.4             
256  	212  14976.3             
256  	213  14974.4             
256  	214  14970.9             
256  	215  14965.1             
256  	216  14961               
256  	217  14956.3             
256  	218  14950.7             
256  	219  14946.9             
256  	220  14942.8             
256  	221  14938.1             
256  	222  14934.9             
256  	223  14931.6             
256  	224  14927.6             
256  	225  14923.1             
256  	226  14918.8             
256  	227  14915               
256  	228  14911.8             
256  	229  14908.9             
256  	230  14906.4             
256  	231  14904.5             
256  	232  14902.6             
256  	233  14900.5             
256  	234  14899.1             
256  	235  14897.9             
256  	236  14896.6             
256  	237  14895.6             
256  	238  14894.7             
256  	239  14893.7             
256  	240  14892.6             
256  	241  14891.7             
256  	242  14891               
256  	243  14890.5             
256  	244  14889.9             
256  	245  14889.2             
256  	246  14888.6             
256  	247  14887.9             
256  	248  14887.2             
256  	249  14886.6             
256  	250  14886.1             
256  	251  14885.6             
256  	252  14885               
256  	253  14884.4             
256  	254  14883.8             
256  	255  14883.7             
256  	256  14882.6             
256  	257  14882               
256  	258  14881.3             
256  	259  14880.7             
256  	260  14880               
256  	261  14879.3             
256  	262  14878.6             
256  	263  14877.8             
256  	264  14877.1             
256  	265  14876.3             
256  	266  14875.5             
256  	267  14874.7             
256  	268  14873.8             
256  	269  14872.9             
256  	270  14872               
256  	271  14871.1             
256  	272  14870.1             
256  	273  14869.2             
256  	274  14868.2             
256  	275  14867.3             
256  	276  14866.3             
256  	277  14865.4             
256  	278  14864.4             
256  	279  14863.5             
256  	280  14862.6             
256  	281  14861.7             
256  	282  14860.8             
256  	283  14859.9             
256  	284  14859.1             
256  	285  14858.3             
256  	286  14857.5             
256  	287  14856.8             
256  	288  14856               
256  	289  14855.3             
256  	290  14854.7             
256  	291  14854               
256  	292  14853.4             
256  	293  14852.9             
256  	294  14852.3             
256  	295  14852.3             
256  	296  14851.3             
256  	297  14850.8             
256  	298  14850.4             
256  	299  14849.9             
