140  	0    14999.4             
140  	1    14999.5             
140  	2    14999.5             
140  	3    14999.6             
140  	4    14999.6             
140  	5    14999.6             
140  	6    14999.7             
140  	7    14999.7             
140  	8    14999.8             
140  	9    14999.8             
140  	10   14999.8             
140  	11   14999.8             
140  	12   14999.7             
140  	13   14999.7             
140  	14   14999.5             
140  	15   14999.3             
140  	16   14999.1             
140  	17   14998.9             
140  	18   14998.6             
140  	19   14998.4             
140  	20   14998.2             
140  	21   14998               
140  	22   14997.9             
140  	23   14997.9             
140  	24   14998               
140  	25   14998.4             
140  	26   14999               
140  	27   14999.9             
140  	28   15000.9             
140  	29   15001.2             
140  	30   15000.8             
140  	31   14999.4             
140  	32   14997.7             
140  	33   14996.7             
140  	34   14996.3             
140  	35   14996.7             
140  	36   14998               
140  	37   15000.6             
140  	38   14999.8             
140  	39   14997.4             
140  	40   14994.7             
140  	41   14994.7             
140  	42   14995.8             
140  	43   14998               
140  	44   14994.6             
140  	45   14992.4             
140  	46   14993.6             
140  	47   14993.1             
140  	48   14992               
140  	49   14990.4             
140  	50   14989.5             
140  	51   14988.8             
140  	52   14987.2             
140  	53   14985.2             
140  	54   14983.6             
140  	55   14983.4             
140  	56   14982.2             
140  	57   14980.5             
140  	58   14978.6             
140  	59   14977.3             
140  	60   14976.3             
140  	61   14975.8             
140  	62   14976               
140  	63   14976.7             
140  	64   14977.4             
140  	65   14979.2             
140  	66   14981.6             
140  	67   14984.1             
140  	68   14986.7             
140  	69   14989.3             
140  	70   14991.3             
140  	71   14992.7             
140  	72   14993.7             
140  	73   14992.9             
140  	74   14991.4             
140  	75   14989.5             
140  	76   14988.2             
140  	77   14986.1             
140  	78   14983.8             
140  	79   14984               
140  	80   14984.7             
140  	81   14985.8             
140  	82   14987.7             
140  	83   14988.4             
140  	84   14988.4             
140  	85   14987.1             
140  	86   14986.2             
140  	87   14985.9             
140  	88   14986.4             
140  	89   14987               
140  	90   14987.5             
140  	91   14986.2             
140  	92   14986.3             
140  	93   14987.3             
140  	94   14986.5             
140  	95   14986.5             
140  	96   14987.1             
140  	97   14986.7             
140  	98   14986.6             
140  	99   14986.7             
140  	100  14986.7             
140  	101  14986.6             
140  	102  14986.5             
140  	103  14986.7             
140  	104  14986.8             
140  	105  14986.7             
140  	106  14986.6             
140  	107  14986.5             
140  	108  14986.5             
140  	109  14986.5             
140  	110  14986.5             
140  	111  14986.4             
140  	112  14986.4             
140  	113  14986.4             
140  	114  14986.3             
140  	115  14986.3             
140  	116  14986.2             
140  	117  14986.2             
140  	118  14986.4             
140  	119  14986.4             
140  	120  14986.1             
140  	121  14985.9             
140  	122  14985.8             
140  	123  14985.7             
140  	124  14986               
140  	125  14986.9             
140  	126  14988.7             
140  	127  14990.8             
140  	128  14991.2             
140  	129  14988.4             
140  	130  14989               
140  	131  14989.6             
140  	132  14988.7             
140  	133  14991.7             
140  	134  14995.8             
140  	135  14998.2             
140  	136  14997               
140  	137  14995.8             
140  	138  14996.6             
140  	139  14996.7             
140  	140  14997.1             
140  	141  14998.1             
140  	142  14994.9             
140  	143  14991.9             
140  	144  14991.9             
140  	145  14992.1             
140  	146  14991.6             
140  	147  14988.8             
140  	148  14988.2             
140  	149  14988.4             
140  	150  14988.2             
140  	151  14989.7             
140  	152  14992.5             
140  	153  14996.1             
140  	154  15001.9             
140  	155  15011.1             
140  	156  15027.6             
140  	157  15051.1             
140  	158  15083.9             
140  	159  15135.3             
140  	160  15210.8             
140  	161  15313.8             
140  	162  15464.5             
140  	163  15672.9             
140  	164  15937.6             
140  	165  16288               
140  	166  16706.4             
140  	167  17171.9             
140  	168  17664.5             
140  	169  18110.2             
140  	170  18504.5             
140  	171  18726.5             
140  	172  18789.1             
140  	173  18768.5             
140  	174  18651.8             
140  	175  18684.3             
140  	176  18910               
140  	177  19530.1             
140  	178  20407.2             
140  	179  21447               
140  	180  22558.6             
140  	181  23543.5             
140  	182  24378.6             
140  	183  24719.8             
140  	184  24540.2             
140  	185  23946.3             
140  	186  22553.9             
140  	187  20997.4             
140  	188  19416.1             
140  	189  18566.4             
140  	190  18190.7             
140  	191  18119.4             
140  	192  18006.6             
140  	193  17684.5             
140  	194  17191.8             
140  	195  16855.6             
140  	196  16592.3             
140  	197  16393.2             
140  	198  15762.6             
140  	199  15529.4             
140  	200  15499.4             
140  	201  15451.9             
140  	202  15431.9             
140  	203  15435.7             
140  	204  15446.8             
140  	205  15401.5             
140  	206  15332.2             
140  	207  15329.4             
140  	208  15344.1             
140  	209  15371.7             
140  	210  15410.2             
140  	211  15458.3             
140  	212  15514.5             
140  	213  15566.6             
140  	214  15619.2             
140  	215  15669.5             
140  	216  15698.1             
140  	217  15715.7             
140  	218  15718               
140  	219  15690.8             
140  	220  15652.8             
140  	221  15601.8             
140  	222  15538.4             
140  	223  15481.5             
140  	224  15433.6             
140  	225  15404.6             
140  	226  15390.8             
140  	227  15388.7             
140  	228  15391.8             
140  	229  15399               
140  	230  15409.9             
140  	231  15426.8             
140  	232  15447.8             
140  	233  15471.6             
140  	234  15497.1             
140  	235  15526.1             
140  	236  15557.1             
140  	237  15579.9             
140  	238  15598               
140  	239  15606.4             
140  	240  15611.9             
140  	241  15615.9             
140  	242  15617.8             
140  	243  15618.8             
140  	244  15619.5             
140  	245  15620               
140  	246  15619.5             
140  	247  15618.2             
140  	248  15615.6             
140  	249  15611.8             
140  	250  15607               
140  	251  15600.6             
140  	252  15591.7             
140  	253  15580.7             
140  	254  15566               
140  	255  15545.9             
140  	256  15521.8             
140  	257  15489.9             
140  	258  15447.7             
140  	259  15400.5             
140  	260  15342.4             
140  	261  15276.5             
140  	262  15215.7             
140  	263  15156.5             
140  	264  15106.1             
140  	265  15072.9             
140  	266  15045.9             
140  	267  15023.9             
140  	268  15010.9             
140  	269  14993.4             
140  	270  14976.9             
140  	271  14966.5             
140  	272  14955.4             
140  	273  14950               
140  	274  14949.6             
140  	275  14951.2             
140  	276  14954.9             
140  	277  14959.5             
140  	278  14963.4             
140  	279  14967               
140  	280  14970.1             
140  	281  14972.4             
140  	282  14974.4             
140  	283  14976.1             
140  	284  14977.3             
140  	285  14978.4             
140  	286  14979.4             
140  	287  14980.2             
140  	288  14980.9             
140  	289  14981.5             
140  	290  14981.9             
140  	291  14982.4             
140  	292  14982.8             
140  	293  14983.1             
140  	294  14983.4             
140  	295  14983.7             
140  	296  14983.9             
140  	297  14984.1             
140  	298  14984.3             
140  	299  14984.5             
