121  	0    14999.3             
121  	1    14999.3             
121  	2    14999.4             
121  	3    14999.4             
121  	4    14999.4             
121  	5    14999.4             
121  	6    14999.4             
121  	7    14999.5             
121  	8    14999.5             
121  	9    14999.5             
121  	10   14999.5             
121  	11   14999.5             
121  	12   14999.5             
121  	13   14999.4             
121  	14   14999.4             
121  	15   14999.3             
121  	16   14999.2             
121  	17   14999               
121  	18   14998.9             
121  	19   14998.8             
121  	20   14998.6             
121  	21   14998.5             
121  	22   14998.5             
121  	23   14998.5             
121  	24   14998.6             
121  	25   14998.8             
121  	26   14999.1             
121  	27   14999.5             
121  	28   14999.9             
121  	29   15000               
121  	30   14999.8             
121  	31   14999.3             
121  	32   14998.5             
121  	33   14997.9             
121  	34   14997.6             
121  	35   14997.9             
121  	36   14998.6             
121  	37   14999.7             
121  	38   14999.3             
121  	39   14998.3             
121  	40   14996.8             
121  	41   14996.9             
121  	42   14997.5             
121  	43   14998.4             
121  	44   14996.9             
121  	45   14995.8             
121  	46   14996.4             
121  	47   14996.2             
121  	48   14995.6             
121  	49   14994.8             
121  	50   14994.4             
121  	51   14994.1             
121  	52   14993.3             
121  	53   14992.3             
121  	54   14991.5             
121  	55   14991.4             
121  	56   14990.9             
121  	57   14990.1             
121  	58   14989.2             
121  	59   14988.6             
121  	60   14988.1             
121  	61   14987.9             
121  	62   14988               
121  	63   14988.2             
121  	64   14988.6             
121  	65   14989.4             
121  	66   14990.5             
121  	67   14991.7             
121  	68   14992.9             
121  	69   14994.3             
121  	70   14995.3             
121  	71   14996               
121  	72   14996.4             
121  	73   14996               
121  	74   14995.3             
121  	75   14994.4             
121  	76   14993.7             
121  	77   14992.7             
121  	78   14991.6             
121  	79   14991.7             
121  	80   14992.1             
121  	81   14992.6             
121  	82   14993.5             
121  	83   14993.9             
121  	84   14993.9             
121  	85   14993.2             
121  	86   14992.8             
121  	87   14992.6             
121  	88   14992.9             
121  	89   14993.2             
121  	90   14993.4             
121  	91   14992.8             
121  	92   14992.8             
121  	93   14993.4             
121  	94   14993               
121  	95   14993               
121  	96   14993.3             
121  	97   15005.5             
121  	98   14993.1             
121  	99   14993.2             
121  	100  14993.1             
121  	101  14993.1             
121  	102  14993               
121  	103  14993.1             
121  	104  14993.2             
121  	105  14993.1             
121  	106  14993.1             
121  	107  14993               
121  	108  14993.1             
121  	109  14993               
121  	110  14993               
121  	111  14993               
121  	112  14993               
121  	113  14993               
121  	114  14993               
121  	115  14993               
121  	116  14992.9             
121  	117  14992.9             
121  	118  14992.9             
121  	119  14992.8             
121  	120  14992.8             
121  	121  14992.8             
121  	122  14992.8             
121  	123  14993               
121  	124  14992.9             
121  	125  14992.8             
121  	126  14992.5             
121  	127  14992.4             
121  	128  14992.4             
121  	129  14992.4             
121  	130  14993               
121  	131  14993.7             
121  	132  14994.3             
121  	133  14995.2             
121  	134  14995.7             
121  	135  14994.8             
121  	136  14993.9             
121  	137  14994               
121  	138  14996.9             
121  	139  14998.3             
121  	140  14999.4             
121  	141  15001.1             
121  	142  15000.7             
121  	143  15000.1             
121  	144  15000.4             
121  	145  15000.9             
121  	146  15001               
121  	147  14999.5             
121  	148  14998.2             
121  	149  14997.4             
121  	150  14997.7             
121  	151  14996.3             
121  	152  14994.8             
121  	153  14994.5             
121  	154  14993.9             
121  	155  14993.3             
121  	156  14993.1             
121  	157  14994.3             
121  	158  14997               
121  	159  15001.3             
121  	160  15011.1             
121  	161  15028.1             
121  	162  15058.3             
121  	163  15108.6             
121  	164  15183.5             
121  	165  15298.7             
121  	166  15459.1             
121  	167  15663.2             
121  	168  15906.5             
121  	169  16153.1             
121  	170  16390.3             
121  	171  16541               
121  	172  16589.2             
121  	173  16570.1             
121  	174  16467.2             
121  	175  16420.2             
121  	176  16463.2             
121  	177  16702               
121  	178  17095.1             
121  	179  17635.3             
121  	180  18285.5             
121  	181  18977.8             
121  	182  19668.6             
121  	183  20103.4             
121  	184  20188.7             
121  	185  19992.1             
121  	186  19290.9             
121  	187  18562.3             
121  	188  17860.8             
121  	189  17639.4             
121  	190  17635.4             
121  	191  17772.7             
121  	192  17591.5             
121  	193  17148               
121  	194  16523               
121  	195  16106.3             
121  	196  15879               
121  	197  15801.6             
121  	198  15494.3             
121  	199  15314.4             
121  	200  15222.7             
121  	201  15116.6             
121  	202  15040.8             
121  	203  14993               
121  	204  15004.9             
121  	205  14992.9             
121  	206  14968.9             
121  	207  14968.2             
121  	208  14990.9             
121  	209  15021.9             
121  	210  15057.3             
121  	211  15098.2             
121  	212  15144.1             
121  	213  15189.7             
121  	214  15238.9             
121  	215  15290.1             
121  	216  15333.1             
121  	217  15373.2             
121  	218  15407.3             
121  	219  15427.4             
121  	220  15441.6             
121  	221  15448.3             
121  	222  15445.4             
121  	223  15443.1             
121  	224  15442.2             
121  	225  15445.7             
121  	226  15453.7             
121  	227  15465.1             
121  	228  15476.6             
121  	229  15491.7             
121  	230  15511.8             
121  	231  15538.4             
121  	232  15570.1             
121  	233  15603.8             
121  	234  15634.2             
121  	235  15665.4             
121  	236  15696               
121  	237  15719.5             
121  	238  15738               
121  	239  15746.5             
121  	240  15750.7             
121  	241  15753.2             
121  	242  15754.7             
121  	243  15755.5             
121  	244  15756.1             
121  	245  15756.6             
121  	246  15756.4             
121  	247  15755.7             
121  	248  15754.1             
121  	249  15751.5             
121  	250  15748.3             
121  	251  15744.1             
121  	252  15738               
121  	253  15730.5             
121  	254  15720.1             
121  	255  15705               
121  	256  15686.2             
121  	257  15659.7             
121  	258  15621.4             
121  	259  15575.6             
121  	260  15513.6             
121  	261  15436.6             
121  	262  15363.5             
121  	263  15290.6             
121  	264  15228.6             
121  	265  15191.3             
121  	266  15159.9             
121  	267  15130.2             
121  	268  15110.6             
121  	269  15077.4             
121  	270  15043               
121  	271  15018.2             
121  	272  14992.2             
121  	273  14977.4             
121  	274  14971.8             
121  	275  14970.5             
121  	276  14973               
121  	277  14976.5             
121  	278  14979.4             
121  	279  14981.9             
121  	280  14984               
121  	281  14985.4             
121  	282  14986.5             
121  	283  14987.5             
121  	284  14988.2             
121  	285  14988.7             
121  	286  14989.3             
121  	287  14989.7             
121  	288  14990               
121  	289  14990.3             
121  	290  14990.6             
121  	291  14990.8             
121  	292  14991               
121  	293  14991.1             
121  	294  14991.3             
121  	295  14991.5             
121  	296  14991.6             
121  	297  14991.7             
121  	298  14991.8             
121  	299  14991.9             
