38   	0    14999.2             
38   	1    14999.2             
38   	2    14999.2             
38   	3    14999.2             
38   	4    14999.2             
38   	5    14999.3             
38   	6    14999.2             
38   	7    14999.2             
38   	8    14999.2             
38   	9    14999.2             
38   	10   14999.2             
38   	11   14999.2             
38   	12   14999.2             
38   	13   14999.2             
38   	14   14999.2             
38   	15   14999.2             
38   	16   14999.2             
38   	17   14999.2             
38   	18   14999.2             
38   	19   14999.2             
38   	20   14999.2             
38   	21   14999.2             
38   	22   14999.2             
38   	23   14999.2             
38   	24   14999.2             
38   	25   14999.2             
38   	26   14999.2             
38   	27   14999.2             
38   	28   14999.2             
38   	29   14999.2             
38   	30   14999.2             
38   	31   14999.2             
38   	32   14999.2             
38   	33   14999.2             
38   	34   14999.1             
38   	35   14999.2             
38   	36   14999.2             
38   	37   14999.2             
38   	38   14999.2             
38   	39   14999.2             
38   	40   14999.1             
38   	41   14999.1             
38   	42   14999.1             
38   	43   14999.2             
38   	44   14999.1             
38   	45   14999.1             
38   	46   14999.1             
38   	47   14999.1             
38   	48   14999.1             
38   	49   14999               
38   	50   14999               
38   	51   14999               
38   	52   14999               
38   	53   14998.9             
38   	54   14998.9             
38   	55   14998.9             
38   	56   14998.9             
38   	57   14998.8             
38   	58   14998.8             
38   	59   14998.8             
38   	60   14998.8             
38   	61   14998.8             
38   	62   14998.7             
38   	63   14998.8             
38   	64   14998.8             
38   	65   14998.8             
38   	66   14998.9             
38   	67   14998.9             
38   	68   14999               
38   	69   14999               
38   	70   14999               
38   	71   14999.1             
38   	72   14999.1             
38   	73   14999.1             
38   	74   14999               
38   	75   14999               
38   	76   14999               
38   	77   14999               
38   	78   14998.9             
38   	79   14998.9             
38   	80   14998.9             
38   	81   14998.9             
38   	82   14999               
38   	83   14999               
38   	84   14998.9             
38   	85   14998.9             
38   	86   14998.9             
38   	87   14998.9             
38   	88   14998.9             
38   	89   14998.9             
38   	90   14998.9             
38   	91   14998.9             
38   	92   14998.9             
38   	93   14998.9             
38   	94   14998.9             
38   	95   14998.9             
38   	96   14999               
38   	97   14999               
38   	98   14999               
38   	99   14999               
38   	100  14999               
38   	101  14999               
38   	102  14999               
38   	103  14999               
38   	104  14999               
38   	105  14999               
38   	106  14999               
38   	107  14999               
38   	108  14999               
38   	109  14999               
38   	110  14999               
38   	111  14999               
38   	112  14999               
38   	113  14999               
38   	114  14999               
38   	115  14999               
38   	116  14999               
38   	117  14999               
38   	118  14999               
38   	119  14999               
38   	120  14999               
38   	121  14999               
38   	122  14999               
38   	123  14999               
38   	124  14999               
38   	125  14999               
38   	126  14999               
38   	127  14999               
38   	128  14999               
38   	129  14999               
38   	130  14999               
38   	131  14999               
38   	132  14999               
38   	133  14999               
38   	134  14999               
38   	135  14999               
38   	136  14999               
38   	137  14999               
38   	138  14999               
38   	139  14998.9             
38   	140  14999               
38   	141  14998.9             
38   	142  14998.9             
38   	143  14998.9             
38   	144  14998.9             
38   	145  14998.9             
38   	146  14998.9             
38   	147  14998.9             
38   	148  14998.9             
38   	149  14998.9             
38   	150  14998.9             
38   	151  14998.9             
38   	152  14998.9             
38   	153  14998.9             
38   	154  14999               
38   	155  14999.2             
38   	156  14999.2             
38   	157  14999.2             
38   	158  14999.1             
38   	159  14998.9             
38   	160  14999.2             
38   	161  14999.5             
38   	162  14999.8             
38   	163  14999.7             
38   	164  14999.6             
38   	165  14999.7             
38   	166  14999.7             
38   	167  14999.8             
38   	168  14999.9             
38   	169  14999.7             
38   	170  14999.4             
38   	171  14999.2             
38   	172  14998.8             
38   	173  14998.4             
38   	174  14997.8             
38   	175  14997.1             
38   	176  14996.3             
38   	177  14995.4             
38   	178  14994.5             
38   	179  14993.6             
38   	180  14992.6             
38   	181  14991.8             
38   	182  14991.1             
38   	183  14990.7             
38   	184  14990.7             
38   	185  14990.7             
38   	186  14991.1             
38   	187  14991.5             
38   	188  14991.9             
38   	189  14992               
38   	190  14991.9             
38   	191  14991.7             
38   	192  14991.8             
38   	193  14992.3             
38   	194  14993.1             
38   	195  14993.5             
38   	196  14993.6             
38   	197  14993.5             
38   	198  14993.3             
38   	199  14993               
38   	200  14992.4             
38   	201  14991               
38   	202  14989.5             
38   	203  14988.1             
38   	204  14985.9             
38   	205  14982.8             
38   	206  14979.6             
38   	207  14976.7             
38   	208  14973.8             
38   	209  14971.1             
38   	210  14968.7             
38   	211  14966.9             
38   	212  14965.8             
38   	213  14964.5             
38   	214  14963.5             
38   	215  14962.6             
38   	216  14960.2             
38   	217  14957.3             
38   	218  14953.7             
38   	219  14948.8             
38   	220  14944               
38   	221  14939.5             
38   	222  14935.3             
38   	223  14934.5             
38   	224  14929.2             
38   	225  14926.5             
38   	226  14923.7             
38   	227  14920.4             
38   	228  14914.7             
38   	229  14908.4             
38   	230  14901.4             
38   	231  14894.2             
38   	232  14887               
38   	233  14879.8             
38   	234  14873.1             
38   	235  14866.7             
38   	236  14860.7             
38   	237  14854.2             
38   	238  14847.7             
38   	239  14840.9             
38   	240  14835.7             
38   	241  14830.3             
38   	242  14828.2             
38   	243  14827.5             
38   	244  14829.4             
38   	245  14834.9             
38   	246  14844               
38   	247  14858.1             
38   	248  14878.3             
38   	249  14905.1             
38   	250  14940.3             
38   	251  14983.8             
38   	252  15036               
38   	253  15098.9             
38   	254  15169.3             
38   	255  15244.4             
38   	256  15325.9             
38   	257  15404.9             
38   	258  15477.4             
38   	259  15543.4             
38   	260  15579.5             
38   	261  15571               
38   	262  15545.6             
38   	263  15498.3             
38   	264  15457.5             
38   	265  15455.1             
38   	266  15447.5             
38   	267  15417.2             
38   	268  15392.8             
38   	269  15315.3             
38   	270  15221               
38   	271  15149.2             
38   	272  15070.2             
38   	273  15023.2             
38   	274  15002.4             
38   	275  14995.1             
38   	276  14995.7             
38   	277  14997.3             
38   	278  14997.8             
38   	279  14998.1             
38   	280  14998.3             
38   	281  14998.3             
38   	282  14998.4             
38   	283  14998.4             
38   	284  14998.5             
38   	285  14998.6             
38   	286  14998.7             
38   	287  14998.7             
38   	288  14998.8             
38   	289  14998.8             
38   	290  14998.9             
38   	291  14999               
38   	292  14999               
38   	293  14999               
38   	294  14999               
38   	295  14999               
38   	296  14999               
38   	297  14999               
38   	298  14999               
38   	299  14999               
