91   	0    14999.3             
91   	1    14999.3             
91   	2    14999.2             
91   	3    14999.3             
91   	4    14999.3             
91   	5    14999.3             
91   	6    14999.3             
91   	7    14999.3             
91   	8    14999.3             
91   	9    14999.3             
91   	10   14999.3             
91   	11   14999.3             
91   	12   14999.3             
91   	13   14999.3             
91   	14   14999.3             
91   	15   14999.2             
91   	16   14999.2             
91   	17   14999.2             
91   	18   14999.1             
91   	19   14999.1             
91   	20   14999               
91   	21   14999               
91   	22   14999               
91   	23   14999               
91   	24   14999               
91   	25   14999.1             
91   	26   14999.2             
91   	27   14999.3             
91   	28   14999.4             
91   	29   14999.4             
91   	30   14999.4             
91   	31   14999.2             
91   	32   14999               
91   	33   14998.8             
91   	34   14998.7             
91   	35   14998.8             
91   	36   14999               
91   	37   14999.3             
91   	38   14999.2             
91   	39   14998.9             
91   	40   14998.4             
91   	41   14998.5             
91   	42   14998.7             
91   	43   14999.9             
91   	44   14998.5             
91   	45   14998.1             
91   	46   14998.3             
91   	47   14998.3             
91   	48   14998.1             
91   	49   14997.8             
91   	50   14997.7             
91   	51   14997.6             
91   	52   14997.3             
91   	53   14997               
91   	54   14996.8             
91   	55   14996.7             
91   	56   14996.5             
91   	57   14996.3             
91   	58   14996               
91   	59   14995.8             
91   	60   14995.7             
91   	61   14995.6             
91   	62   14995.6             
91   	63   14995.7             
91   	64   14995.8             
91   	65   14996.1             
91   	66   14996.4             
91   	67   14996.8             
91   	68   14997.2             
91   	69   14997.6             
91   	70   14997.9             
91   	71   14998.2             
91   	72   14998.3             
91   	73   14998.2             
91   	74   14997.9             
91   	75   14997.6             
91   	76   14997.4             
91   	77   14997.1             
91   	78   14996.8             
91   	79   14996.8             
91   	80   14996.9             
91   	81   14997.1             
91   	82   14997.4             
91   	83   14997.5             
91   	84   14997.4             
91   	85   14997.2             
91   	86   14997.1             
91   	87   14997.1             
91   	88   14997.1             
91   	89   14997.2             
91   	90   14997.3             
91   	91   14997.1             
91   	92   14997.1             
91   	93   14997.3             
91   	94   14997.2             
91   	95   14997.2             
91   	96   14997.4             
91   	97   14997.3             
91   	98   14997.3             
91   	99   14997.3             
91   	100  14997.3             
91   	101  14997.3             
91   	102  14997.3             
91   	103  14997.3             
91   	104  14997.3             
91   	105  14997.3             
91   	106  14997.3             
91   	107  14997.3             
91   	108  14997.3             
91   	109  14997.3             
91   	110  14997.3             
91   	111  14997.3             
91   	112  14997.3             
91   	113  14997.3             
91   	114  14997.3             
91   	115  14997.3             
91   	116  14997.3             
91   	117  14997.3             
91   	118  14997.3             
91   	119  14997.3             
91   	120  14997.2             
91   	121  14997.3             
91   	122  14997.2             
91   	123  14997.2             
91   	124  14997.2             
91   	125  14997.2             
91   	126  14997.2             
91   	127  14997.1             
91   	128  14997.1             
91   	129  14997.1             
91   	130  14997               
91   	131  14997               
91   	132  14997.1             
91   	133  14997.1             
91   	134  14997               
91   	135  14996.9             
91   	136  14996.9             
91   	137  14996.9             
91   	138  14996.9             
91   	139  14997.1             
91   	140  14997.5             
91   	141  14998.2             
91   	142  14998.1             
91   	143  14997.8             
91   	144  14997.4             
91   	145  14997.9             
91   	146  14998.8             
91   	147  14999.6             
91   	148  15001.1             
91   	149  15002.2             
91   	150  15000.5             
91   	151  15001.1             
91   	152  15002.1             
91   	153  15000.9             
91   	154  15000.7             
91   	155  15000.6             
91   	156  14999.3             
91   	157  14998.9             
91   	158  14998.9             
91   	159  14998.4             
91   	160  14997.9             
91   	161  14997.3             
91   	162  14996.6             
91   	163  14995.6             
91   	164  14994.6             
91   	165  14993.9             
91   	166  14993.3             
91   	167  14993.2             
91   	168  14994.7             
91   	169  14997.8             
91   	170  15002.9             
91   	171  15009.8             
91   	172  15016.1             
91   	173  15021.5             
91   	174  15025.4             
91   	175  15028.6             
91   	176  15034.5             
91   	177  15058.7             
91   	178  15058.7             
91   	179  15071.4             
91   	180  15075.5             
91   	181  15084               
91   	182  15100.8             
91   	183  15128.1             
91   	184  15150.6             
91   	185  15168.3             
91   	186  15163               
91   	187  15161.2             
91   	188  15159.6             
91   	189  15192.2             
91   	190  15248.2             
91   	191  15327.2             
91   	192  15333.3             
91   	193  15273.1             
91   	194  15162.4             
91   	195  15085.2             
91   	196  15085.2             
91   	197  15045.9             
91   	198  15005               
91   	199  14967.5             
91   	200  14937.8             
91   	201  14916.7             
91   	202  14897.4             
91   	203  14880.2             
91   	204  14873.3             
91   	205  14864.7             
91   	206  14855.1             
91   	207  14845.4             
91   	208  14839.2             
91   	209  14833               
91   	210  14828.3             
91   	211  14824.3             
91   	212  14821               
91   	213  14818.5             
91   	214  14817.6             
91   	215  14818.6             
91   	216  14821               
91   	217  14825.6             
91   	218  14832.8             
91   	219  14842.5             
91   	220  14855.8             
91   	221  14873.6             
91   	222  14895.2             
91   	223  14922.3             
91   	224  14955.3             
91   	225  14994               
91   	226  15039.3             
91   	227  15090.6             
91   	228  15144.7             
91   	229  15204.6             
91   	230  15269.1             
91   	231  15350               
91   	232  15407.6             
91   	233  15478.3             
91   	234  15542.4             
91   	235  15604.9             
91   	236  15661.3             
91   	237  15708.2             
91   	238  15749.2             
91   	239  15779.3             
91   	240  15800.7             
91   	241  15818.1             
91   	242  15830.7             
91   	243  15839.6             
91   	244  15846.7             
91   	245  15851.5             
91   	246  15854.1             
91   	247  15855.7             
91   	248  15856.1             
91   	249  15855.5             
91   	250  15854.5             
91   	251  15852.7             
91   	252  15850.2             
91   	253  15846.9             
91   	254  15842.2             
91   	255  15834.8             
91   	256  15825               
91   	257  15809.9             
91   	258  15784.7             
91   	259  15751.1             
91   	260  15697               
91   	261  15617.1             
91   	262  15536.8             
91   	263  15453.7             
91   	264  15384.1             
91   	265  15349.7             
91   	266  15319.3             
91   	267  15282.3             
91   	268  15264.9             
91   	269  15197.9             
91   	270  15133.3             
91   	271  15084.9             
91   	272  15034               
91   	273  15004               
91   	274  14990.9             
91   	275  14986.4             
91   	276  14987.7             
91   	277  14990.2             
91   	278  14991.8             
91   	279  14993               
91   	280  14993.9             
91   	281  14994.4             
91   	282  14994.9             
91   	283  14995.2             
91   	284  14995.4             
91   	285  14995.6             
91   	286  14995.8             
91   	287  14995.9             
91   	288  14996.1             
91   	289  14996.2             
91   	290  14996.3             
91   	291  14996.3             
91   	292  14996.4             
91   	293  14996.4             
91   	294  14996.5             
91   	295  14996.6             
91   	296  14996.7             
91   	297  14996.8             
91   	298  14996.9             
91   	299  14997               
