128  	0    14999.4             
128  	1    14999.4             
128  	2    14999.4             
128  	3    14999.4             
128  	4    14999.5             
128  	5    14999.5             
128  	6    14999.5             
128  	7    14999.5             
128  	8    14999.6             
128  	9    14999.6             
128  	10   14999.6             
128  	11   14999.6             
128  	12   14999.5             
128  	13   14999.5             
128  	14   14999.4             
128  	15   14999.3             
128  	16   14999.2             
128  	17   14999               
128  	18   14998.8             
128  	19   14998.7             
128  	20   14998.5             
128  	21   14998.4             
128  	22   14998.3             
128  	23   14998.3             
128  	24   14998.4             
128  	25   14998.7             
128  	26   14999.1             
128  	27   14999.6             
128  	28   15000.2             
128  	29   15000.3             
128  	30   15000.1             
128  	31   14999.3             
128  	32   14998.2             
128  	33   14997.5             
128  	34   14997.2             
128  	35   14997.6             
128  	36   14998.4             
128  	37   15000               
128  	38   14999.4             
128  	39   14998               
128  	40   14996.2             
128  	41   14996.3             
128  	42   14997               
128  	43   14998.3             
128  	44   14996.2             
128  	45   14994.8             
128  	46   14995.6             
128  	47   14995.3             
128  	48   14994.6             
128  	49   14993.5             
128  	50   14993               
128  	51   14992.5             
128  	52   14991.5             
128  	53   14990.3             
128  	54   14989.2             
128  	55   14989.1             
128  	56   14988.4             
128  	57   14987.3             
128  	58   14986.1             
128  	59   14985.3             
128  	60   14984.7             
128  	61   14984.4             
128  	62   14984.5             
128  	63   14984.9             
128  	64   14985.3             
128  	65   14986.4             
128  	66   14987.9             
128  	67   14989.4             
128  	68   14991.1             
128  	69   14992.8             
128  	70   14994.1             
128  	71   14995               
128  	72   14995.6             
128  	73   14995.1             
128  	74   14994.1             
128  	75   14992.9             
128  	76   14992.1             
128  	77   14990.8             
128  	78   14989.3             
128  	79   14989.5             
128  	80   14989.9             
128  	81   14990.6             
128  	82   14991.8             
128  	83   14992.3             
128  	84   14992.3             
128  	85   14991.4             
128  	86   14990.9             
128  	87   14990.7             
128  	88   14991               
128  	89   14991.4             
128  	90   14991.7             
128  	91   14990.9             
128  	92   14991               
128  	93   14991.6             
128  	94   14991.1             
128  	95   14991.1             
128  	96   14991.5             
128  	97   14991.3             
128  	98   14991.2             
128  	99   14991.3             
128  	100  14991.3             
128  	101  14991.2             
128  	102  14991.2             
128  	103  14991.3             
128  	104  14991.3             
128  	105  14991.3             
128  	106  14991.2             
128  	107  14991.2             
128  	108  14991.1             
128  	109  14991.1             
128  	110  14991.1             
128  	111  14991.1             
128  	112  14991.1             
128  	113  14991.1             
128  	114  14991.1             
128  	115  14991               
128  	116  14991               
128  	117  14991               
128  	118  14990.9             
128  	119  14990.9             
128  	120  14990.9             
128  	121  14991               
128  	122  14991               
128  	123  14990.8             
128  	124  14990.7             
128  	125  14990.5             
128  	126  14990.4             
128  	127  14990.5             
128  	128  14991               
128  	129  14992.6             
128  	130  14993.4             
128  	131  14994               
128  	132  14994.4             
128  	133  14993.5             
128  	134  14992.5             
128  	135  14991.7             
128  	136  14994.1             
128  	137  14997.6             
128  	138  14999.9             
128  	139  14999               
128  	140  14998.2             
128  	141  14999               
128  	142  14999.6             
128  	143  15000.3             
128  	144  15001.2             
128  	145  14998.6             
128  	146  14996               
128  	147  14995.9             
128  	148  14996.5             
128  	149  14996.1             
128  	150  14993.7             
128  	151  14992.8             
128  	152  14992.5             
128  	153  14992.1             
128  	154  14992.2             
128  	155  14993.2             
128  	156  14996.2             
128  	157  15001               
128  	158  15009.4             
128  	159  15025.8             
128  	160  15052.3             
128  	161  15092.3             
128  	162  15158.4             
128  	163  15259.1             
128  	164  15398.7             
128  	165  15599.1             
128  	166  15858.4             
128  	167  16166.7             
128  	168  16510.6             
128  	169  16838.3             
128  	170  17137.8             
128  	171  17311.4             
128  	172  17353.1             
128  	173  17318               
128  	174  17194.7             
128  	175  17171.6             
128  	176  17291.1             
128  	177  17700.7             
128  	178  18317               
128  	179  19097.4             
128  	180  19982.2             
128  	181  20833.8             
128  	182  21610.3             
128  	183  22012.6             
128  	184  21987.1             
128  	185  21624.3             
128  	186  20636.6             
128  	187  19598               
128  	188  18586.4             
128  	189  18157.8             
128  	190  18028.1             
128  	191  18093.8             
128  	192  17905.3             
128  	193  17457.5             
128  	194  16821.6             
128  	195  16393.4             
128  	196  16139.6             
128  	197  16031.2             
128  	198  15604               
128  	199  15390.8             
128  	200  15308.6             
128  	201  15221.3             
128  	202  15164.3             
128  	203  15135.4             
128  	204  15158.8             
128  	205  15145.3             
128  	206  15112.6             
128  	207  15114.8             
128  	208  15140.7             
128  	209  15176.2             
128  	210  15215.5             
128  	211  15260.9             
128  	212  15311.2             
128  	213  15359.5             
128  	214  15409.7             
128  	215  15459.4             
128  	216  15495.6             
128  	217  15525.7             
128  	218  15546.1             
128  	219  15546.9             
128  	220  15539.8             
128  	221  15523.2             
128  	222  15496.5             
128  	223  15472.5             
128  	224  15452.4             
128  	225  15442.2             
128  	226  15440               
128  	227  15444.2             
128  	228  15450.6             
128  	229  15461               
128  	230  15476.7             
128  	231  15499.4             
128  	232  15527.4             
128  	233  15558.2             
128  	234  15587.6             
128  	235  15618.9             
128  	236  15650.9             
128  	237  15675.2             
128  	238  15694.5             
128  	239  15703.3             
128  	240  15708               
128  	241  15711.1             
128  	242  15712.7             
128  	243  15713.7             
128  	244  15714.3             
128  	245  15714.8             
128  	246  15714.5             
128  	247  15713.6             
128  	248  15711.6             
128  	249  15708.6             
128  	250  15704.8             
128  	251  15699.8             
128  	252  15692.6             
128  	253  15683.8             
128  	254  15671.8             
128  	255  15654.7             
128  	256  15633.6             
128  	257  15604.6             
128  	258  15563.9             
128  	259  15516.6             
128  	260  15455               
128  	261  15381               
128  	262  15311.7             
128  	263  15243               
128  	264  15184.5             
128  	265  15148.1             
128  	266  15117.8             
128  	267  15090.8             
128  	268  15073.6             
128  	269  15046.4             
128  	270  15019               
128  	271  14999.8             
128  	272  14979.6             
128  	273  14968.4             
128  	274  14964.7             
128  	275  14964.4             
128  	276  14967.3             
128  	277  14971.2             
128  	278  14974.5             
128  	279  14977.4             
128  	280  14979.8             
128  	281  14981.5             
128  	282  14982.9             
128  	283  14984.1             
128  	284  14985               
128  	285  14985.7             
128  	286  14986.4             
128  	287  14986.9             
128  	288  14987.4             
128  	289  14987.7             
128  	290  14988               
128  	291  14988.3             
128  	292  14988.6             
128  	293  14988.8             
128  	294  14989               
128  	295  14989.2             
128  	296  14989.4             
128  	297  14989.5             
128  	298  14989.6             
128  	299  14989.7             
