281  	0    15001.3             
281  	1    15001.7             
281  	2    15002.2             
281  	3    15002.8             
281  	4    15003.5             
281  	5    15004.3             
281  	6    15005.2             
281  	7    15006               
281  	8    15006.9             
281  	9    15007.6             
281  	10   15008.1             
281  	11   15008               
281  	12   15007.3             
281  	13   15006               
281  	14   15003.5             
281  	15   15000.9             
281  	16   14998.7             
281  	17   14997.8             
281  	18   14999               
281  	19   15002.1             
281  	20   15005.2             
281  	21   15006.9             
281  	22   15006.2             
281  	23   15001.4             
281  	24   14997.1             
281  	25   14995.7             
281  	26   15001               
281  	27   15013.5             
281  	28   15034.9             
281  	29   15047.8             
281  	30   15045.1             
281  	31   15015.4             
281  	32   14995.1             
281  	33   15020.3             
281  	34   15035.8             
281  	35   14997.9             
281  	36   14994.7             
281  	37   15045.5             
281  	38   15038.3             
281  	39   14996.7             
281  	40   15016.6             
281  	41   14986.3             
281  	42   14981.2             
281  	43   15033.9             
281  	44   14971.3             
281  	45   14973.4             
281  	46   14966               
281  	47   14962.6             
281  	48   14956.4             
281  	49   14948.7             
281  	50   14936.9             
281  	51   14937.1             
281  	52   14921.9             
281  	53   14906.8             
281  	54   14897.2             
281  	55   14898.2             
281  	56   14886.6             
281  	57   14871.6             
281  	58   14854.6             
281  	59   14840.9             
281  	60   14833.8             
281  	61   14826.4             
281  	62   14831.5             
281  	63   14844.7             
281  	64   14861.3             
281  	65   14887.5             
281  	66   14917.8             
281  	67   14939.4             
281  	68   14953.7             
281  	69   14964.5             
281  	70   14966               
281  	71   14968.1             
281  	72   14974.4             
281  	73   14970.8             
281  	74   14962.7             
281  	75   14954.8             
281  	76   14944.5             
281  	77   14921.3             
281  	78   14900.9             
281  	79   14899.3             
281  	80   14907.2             
281  	81   14923.7             
281  	82   14932.8             
281  	83   14931.8             
281  	84   14930.1             
281  	85   14917.1             
281  	86   14910.5             
281  	87   14909.5             
281  	88   14910.1             
281  	89   14914.3             
281  	90   14921.2             
281  	91   14906.4             
281  	92   14906.4             
281  	93   14917.5             
281  	94   14908.7             
281  	95   14907.7             
281  	96   14912.6             
281  	97   14908.1             
281  	98   14907.5             
281  	99   14909.5             
281  	100  14908.4             
281  	101  14908               
281  	102  14907.4             
281  	103  14908.8             
281  	104  14909.5             
281  	105  14908.9             
281  	106  14908.4             
281  	107  14908.2             
281  	108  14908.5             
281  	109  14908.7             
281  	110  14908.8             
281  	111  14909               
281  	112  14908.6             
281  	113  14908.6             
281  	114  14909               
281  	115  14909.2             
281  	116  14909.6             
281  	117  14910.2             
281  	118  14910               
281  	119  14909.8             
281  	120  14909.7             
281  	121  14910.4             
281  	122  14910.9             
281  	123  14911               
281  	124  14911.9             
281  	125  14912.6             
281  	126  14912.7             
281  	127  14913.6             
281  	128  14914.6             
281  	129  14915.5             
281  	130  14916.3             
281  	131  14917.4             
281  	132  14918.6             
281  	133  14919.9             
281  	134  14921.5             
281  	135  14923.7             
281  	136  14925.7             
281  	137  14928               
281  	138  14930.9             
281  	139  14933.9             
281  	140  14937               
281  	141  14940.4             
281  	142  14944.1             
281  	143  14948.1             
281  	144  14952.1             
281  	145  14956.4             
281  	146  14960.9             
281  	147  14965.5             
281  	148  14970.4             
281  	149  14975.5             
281  	150  14981               
281  	151  14986.7             
281  	152  14992.6             
281  	153  14998.8             
281  	154  15005.1             
281  	155  15011.7             
281  	156  15018.3             
281  	157  15024.8             
281  	158  15031.4             
281  	159  15037.9             
281  	160  15044.3             
281  	161  15050.5             
281  	162  15056.5             
281  	163  15062.4             
281  	164  15068.2             
281  	165  15073.9             
281  	166  15079.4             
281  	167  15084.8             
281  	168  15089.7             
281  	169  15093.8             
281  	170  15097.1             
281  	171  15098.5             
281  	172  15098.2             
281  	173  15096.8             
281  	174  15094               
281  	175  15091               
281  	176  15087.8             
281  	177  15084.2             
281  	178  15080.5             
281  	179  15077.4             
281  	180  15076.8             
281  	181  15076.9             
281  	182  15077.1             
281  	183  15073.8             
281  	184  15068.6             
281  	185  15061.9             
281  	186  15053               
281  	187  15046.6             
281  	188  15042.4             
281  	189  15042.1             
281  	190  15037.5             
281  	191  15029.2             
281  	192  15016.1             
281  	193  15009.4             
281  	194  15007.6             
281  	195  15005.7             
281  	196  15001.9             
281  	197  14996.6             
281  	198  14997.2             
281  	199  14996.8             
281  	200  14994.8             
281  	201  14992.6             
281  	202  14990.2             
281  	203  14987.5             
281  	204  14984.1             
281  	205  14982.1             
281  	206  14981.6             
281  	207  14982.2             
281  	208  14981.9             
281  	209  14980.6             
281  	210  14978               
281  	211  14976.5             
281  	212  14976.5             
281  	213  14975.1             
281  	214  14973.7             
281  	215  14972.1             
281  	216  14971.3             
281  	217  14970.2             
281  	218  14968.7             
281  	219  14967.5             
281  	220  14966.2             
281  	221  14964.6             
281  	222  14963.6             
281  	223  14962.6             
281  	224  14961.6             
281  	225  14960.5             
281  	226  14959.3             
281  	227  14957.8             
281  	228  14956.9             
281  	229  14956.2             
281  	230  14955.7             
281  	231  14955.1             
281  	232  14954.4             
281  	233  14953.7             
281  	234  14953.2             
281  	235  14952.8             
281  	236  14952.4             
281  	237  14951.9             
281  	238  14951.4             
281  	239  14950.9             
281  	240  14950.4             
281  	241  14950.1             
281  	242  14949.8             
281  	243  14949.5             
281  	244  14949.2             
281  	245  14948.8             
281  	246  14948.5             
281  	247  14948.1             
281  	248  14947.7             
281  	249  14947.3             
281  	250  14947               
281  	251  14946.6             
281  	252  14946.2             
281  	253  14945.9             
281  	254  14945.4             
281  	255  14945               
281  	256  14944.5             
281  	257  14944.1             
281  	258  14943.6             
281  	259  14943.1             
281  	260  14942.5             
281  	261  14942               
281  	262  14941.4             
281  	263  14940.8             
281  	264  14940.1             
281  	265  14939.5             
281  	266  14938.8             
281  	267  14938.1             
281  	268  14937.4             
281  	269  14936.7             
281  	270  14935.9             
281  	271  14935.1             
281  	272  14934.3             
281  	273  14933.4             
281  	274  14932.6             
281  	275  14931.7             
281  	276  14930.9             
281  	277  14930               
281  	278  14929.2             
281  	279  14928.3             
281  	280  14927.5             
281  	281  14926.6             
281  	282  14925.7             
281  	283  14924.9             
281  	284  14924               
281  	285  14923.2             
281  	286  14922.4             
281  	287  14921.7             
281  	288  14920.9             
281  	289  14920.2             
281  	290  14919.5             
281  	291  14918.8             
281  	292  14918.1             
281  	293  14917.5             
281  	294  14916.8             
281  	295  14916.3             
281  	296  14915.7             
281  	297  14915.1             
281  	298  14914.6             
281  	299  14914.1             
