243  	0    15004.5             
243  	1    15005.8             
243  	2    15007.5             
243  	3    15009.5             
243  	4    15012               
243  	5    15015.1             
243  	6    15018.8             
243  	7    15023.3             
243  	8    15028.2             
243  	9    15033.6             
243  	10   15039.2             
243  	11   15042.3             
243  	12   15042.6             
243  	13   15038.6             
243  	14   15024.9             
243  	15   15009.3             
243  	16   15000               
243  	17   15009.1             
243  	18   15038.1             
243  	19   15074.5             
243  	20   15089.2             
243  	21   15083.5             
243  	22   15062.1             
243  	23   15027.2             
243  	24   15004.2             
243  	25   14997.6             
243  	26   15012.9             
243  	27   15049.3             
243  	28   15110.9             
243  	29   15167.2             
243  	30   15197.6             
243  	31   15102.3             
243  	32   15039.6             
243  	33   15282.6             
243  	34   15294.6             
243  	35   15039.3             
243  	36   14998.4             
243  	37   15162.6             
243  	38   15183.1             
243  	39   15041.2             
243  	40   15281.1             
243  	41   15033               
243  	42   14979.2             
243  	43   15164.4             
243  	44   14959.2             
243  	45   15032.3             
243  	46   14953.4             
243  	47   14949               
243  	48   14947.6             
243  	49   14943.9             
243  	50   14908.7             
243  	51   14931.7             
243  	52   14904.5             
243  	53   14890.4             
243  	54   14908.7             
243  	55   14944               
243  	56   14962               
243  	57   14988.6             
243  	58   15025.5             
243  	59   15062.4             
243  	60   15138.3             
243  	61   15158               
243  	62   15194.3             
243  	63   15260               
243  	64   15297.1             
243  	65   15317.1             
243  	66   15337.2             
243  	67   15271.8             
243  	68   15180.7             
243  	69   15107.6             
243  	70   15027.5             
243  	71   14986.9             
243  	72   14989.3             
243  	73   14987.6             
243  	74   14983.6             
243  	75   14991.7             
243  	76   14979.5             
243  	77   14925.4             
243  	78   14896.1             
243  	79   14889.8             
243  	80   14920.6             
243  	81   14999.5             
243  	82   14976.3             
243  	83   14930.4             
243  	84   14907.6             
243  	85   14864.1             
243  	86   14848.4             
243  	87   14855.8             
243  	88   14851.7             
243  	89   14861.5             
243  	90   14889.5             
243  	91   14831.7             
243  	92   14828.7             
243  	93   14862               
243  	94   14833.9             
243  	95   14831.1             
243  	96   14847.5             
243  	97   14830.9             
243  	98   14829.7             
243  	99   14838.3             
243  	100  14830.9             
243  	101  14830.2             
243  	102  14830.4             
243  	103  14831.7             
243  	104  14833.4             
243  	105  14832.5             
243  	106  14830.1             
243  	107  14829.2             
243  	108  14830               
243  	109  14829.1             
243  	110  14829.1             
243  	111  14829.4             
243  	112  14829.1             
243  	113  14829.3             
243  	114  14829.9             
243  	115  14829.2             
243  	116  14828.9             
243  	117  14829.5             
243  	118  14829.5             
243  	119  14829.7             
243  	120  14830.4             
243  	121  14830.7             
243  	122  14831.3             
243  	123  14832.4             
243  	124  14833.4             
243  	125  14834.4             
243  	126  14835.3             
243  	127  14837               
243  	128  14838.9             
243  	129  14841               
243  	130  14845               
243  	131  14849               
243  	132  14851.9             
243  	133  14855.1             
243  	134  14860.4             
243  	135  14870.7             
243  	136  14877.9             
243  	137  14885.5             
243  	138  14895.7             
243  	139  14906.3             
243  	140  14917.7             
243  	141  14930.1             
243  	142  14942.9             
243  	143  14956.7             
243  	144  14972.3             
243  	145  14989.6             
243  	146  15008.6             
243  	147  15029.8             
243  	148  15053.5             
243  	149  15079.4             
243  	150  15108.3             
243  	151  15140.1             
243  	152  15174.6             
243  	153  15212.4             
243  	154  15253.5             
243  	155  15297.5             
243  	156  15344.9             
243  	157  15395.3             
243  	158  15448.1             
243  	159  15503.6             
243  	160  15560.5             
243  	161  15618.8             
243  	162  15677.1             
243  	163  15734.2             
243  	164  15790.7             
243  	165  15843.8             
243  	166  15893.4             
243  	167  15941.2             
243  	168  15984.3             
243  	169  16025.4             
243  	170  16065.9             
243  	171  16104.5             
243  	172  16142               
243  	173  16178.6             
243  	174  16208.7             
243  	175  16230.1             
243  	176  16243.8             
243  	177  16237.7             
243  	178  16215.1             
243  	179  16179.7             
243  	180  16120.5             
243  	181  16052.8             
243  	182  15980               
243  	183  15904.1             
243  	184  15836.2             
243  	185  15775.3             
243  	186  15727.1             
243  	187  15682.2             
243  	188  15639.1             
243  	189  15588.5             
243  	190  15532.6             
243  	191  15472.7             
243  	192  15401.8             
243  	193  15333.5             
243  	194  15269               
243  	195  15216.6             
243  	196  15169               
243  	197  15126.4             
243  	198  15105.3             
243  	199  15089.4             
243  	200  15078.2             
243  	201  15077               
243  	202  15073.6             
243  	203  15067.8             
243  	204  15048               
243  	205  15030.8             
243  	206  15014.9             
243  	207  15018.5             
243  	208  15023.3             
243  	209  15029.2             
243  	210  15022.6             
243  	211  15013.3             
243  	212  15001.9             
243  	213  15000               
243  	214  14994.2             
243  	215  14982.3             
243  	216  14974.2             
243  	217  14965.5             
243  	218  14955.5             
243  	219  14947               
243  	220  14938.6             
243  	221  14929.9             
243  	222  14924               
243  	223  14918.2             
243  	224  14911.7             
243  	225  14904               
243  	226  14896.8             
243  	227  14890               
243  	228  14883.7             
243  	229  14878.2             
243  	230  14873.8             
243  	231  14869.8             
243  	232  14866.2             
243  	233  14862.5             
243  	234  14860.1             
243  	235  14858.1             
243  	236  14856.4             
243  	237  14855.1             
243  	238  14854               
243  	239  14853               
243  	240  14851.6             
243  	241  14850.3             
243  	242  14849.3             
243  	243  14848.5             
243  	244  14847.8             
243  	245  14847.3             
243  	246  14846.7             
243  	247  14846               
243  	248  14845.3             
243  	249  14844.8             
243  	250  14844.3             
243  	251  14843.7             
243  	252  14843.3             
243  	253  14842.8             
243  	254  14842.3             
243  	255  14841.8             
243  	256  14841.4             
243  	257  14841.1             
243  	258  14840.7             
243  	259  14840.4             
243  	260  14840.1             
243  	261  14839.7             
243  	262  14839.4             
243  	263  14839               
243  	264  14838.7             
243  	265  14838.4             
243  	266  14838.1             
243  	267  14837.8             
243  	268  14837.5             
243  	269  14837.2             
243  	270  14836.8             
243  	271  14836.5             
243  	272  14836.2             
243  	273  14835.9             
243  	274  14835.6             
243  	275  14835.3             
243  	276  14835               
243  	277  14834.7             
243  	278  14834.4             
243  	279  14834.1             
243  	280  14833.8             
243  	281  14833.6             
243  	282  14833.3             
243  	283  14833.1             
243  	284  14832.8             
243  	285  14832.6             
243  	286  14832.4             
243  	287  14832.2             
243  	288  14832               
243  	289  14831.8             
243  	290  14831.6             
243  	291  14831.5             
243  	292  14831.3             
243  	293  14831.2             
243  	294  14831               
243  	295  14830.9             
243  	296  14830.7             
243  	297  14830.6             
243  	298  14830.5             
243  	299  14830.4             
