217  	0    15003.1             
217  	1    15004               
217  	2    15005.1             
217  	3    15006.5             
217  	4    15008.1             
217  	5    15010               
217  	6    15012.2             
217  	7    15014.8             
217  	8    15017.4             
217  	9    15020               
217  	10   15022.4             
217  	11   15023.1             
217  	12   15022.2             
217  	13   15019.2             
217  	14   15012               
217  	15   15004.2             
217  	16   14999               
217  	17   15000.7             
217  	18   15011.3             
217  	19   15027.6             
217  	20   15038.3             
217  	21   15040               
217  	22   15032.4             
217  	23   15014.3             
217  	24   15000.5             
217  	25   14995.3             
217  	26   15004.8             
217  	27   15030.6             
217  	28   15076.1             
217  	29   15112.2             
217  	30   15121.3             
217  	31   15053.1             
217  	32   15009.5             
217  	33   15122.1             
217  	34   15151.9             
217  	35   15017.3             
217  	36   14996.2             
217  	37   15108.5             
217  	38   15109.6             
217  	39   15014.2             
217  	40   15125.6             
217  	41   15005.8             
217  	42   14977.7             
217  	43   15101.5             
217  	44   14961.7             
217  	45   14994.8             
217  	46   14955.9             
217  	47   14951.6             
217  	48   14946.4             
217  	49   14939.1             
217  	50   14914.5             
217  	51   14923.8             
217  	52   14899.4             
217  	53   14880.2             
217  	54   14878.1             
217  	55   14889.2             
217  	56   14879.5             
217  	57   14867               
217  	58   14853.9             
217  	59   14841.6             
217  	60   14848.1             
217  	61   14840.1             
217  	62   14856.1             
217  	63   14892.4             
217  	64   14933               
217  	65   14980.1             
217  	66   15029.3             
217  	67   15038.8             
217  	68   15026.9             
217  	69   15013.1             
217  	70   14985.1             
217  	71   14970.7             
217  	72   14976.8             
217  	73   14973.9             
217  	74   14967.1             
217  	75   14965.3             
217  	76   14952               
217  	77   14908.8             
217  	78   14878.4             
217  	79   14871.8             
217  	80   14889.6             
217  	81   14932.9             
217  	82   14933.6             
217  	83   14916.8             
217  	84   14907.4             
217  	85   14879.3             
217  	86   14867               
217  	87   14868.8             
217  	88   14867.5             
217  	89   14874.9             
217  	90   14891.5             
217  	91   14856.6             
217  	92   14855.3             
217  	93   14877.7             
217  	94   14858.7             
217  	95   14856.7             
217  	96   14867.8             
217  	97   14857.4             
217  	98   14856.3             
217  	99   14861.3             
217  	100  14857.3             
217  	101  14856.7             
217  	102  14856.4             
217  	103  14857.7             
217  	104  14858.7             
217  	105  14857.7             
217  	106  14856               
217  	107  14855.4             
217  	108  14855.6             
217  	109  14856.5             
217  	110  14857.4             
217  	111  14858.1             
217  	112  14857.4             
217  	113  14856.6             
217  	114  14855.8             
217  	115  14856.6             
217  	116  14858.8             
217  	117  14862.7             
217  	118  14859.2             
217  	119  14858.1             
217  	120  14861.4             
217  	121  14857.5             
217  	122  14856.3             
217  	123  14859.7             
217  	124  14858.3             
217  	125  14857.6             
217  	126  14857.9             
217  	127  14859.3             
217  	128  14861               
217  	129  14862.9             
217  	130  14865.1             
217  	131  14867.9             
217  	132  14872.2             
217  	133  14875.6             
217  	134  14880.4             
217  	135  14889.7             
217  	136  14899.5             
217  	137  14909               
217  	138  14916.5             
217  	139  14932.8             
217  	140  14952.4             
217  	141  14969.4             
217  	142  14990.2             
217  	143  15013               
217  	144  15036.1             
217  	145  15062.3             
217  	146  15091.4             
217  	147  15124.4             
217  	148  15162.7             
217  	149  15205.4             
217  	150  15254.2             
217  	151  15309.8             
217  	152  15371.4             
217  	153  15441.2             
217  	154  15519.5             
217  	155  15605.3             
217  	156  15700.8             
217  	157  15805.7             
217  	158  15918.7             
217  	159  16041.6             
217  	160  16173               
217  	161  16311.5             
217  	162  16457.4             
217  	163  16608.6             
217  	164  16764.5             
217  	165  16923.2             
217  	166  17083               
217  	167  17244.1             
217  	168  17401.4             
217  	169  17551.7             
217  	170  17696.6             
217  	171  17821.4             
217  	172  17926               
217  	173  18018               
217  	174  18084.4             
217  	175  18149.4             
217  	176  18217.3             
217  	177  18291.6             
217  	178  18355.3             
217  	179  18406.5             
217  	180  18404.9             
217  	181  18382               
217  	182  18339.1             
217  	183  18238.7             
217  	184  18054.5             
217  	185  17815.3             
217  	186  17502.7             
217  	187  17189.8             
217  	188  16887.8             
217  	189  16690.6             
217  	190  16571.5             
217  	191  16508.2             
217  	192  16379.9             
217  	193  16181.4             
217  	194  15935.5             
217  	195  15793.6             
217  	196  15665.9             
217  	197  15550.5             
217  	198  15354.8             
217  	199  15261.7             
217  	200  15237               
217  	201  15189.7             
217  	202  15171.1             
217  	203  15181.3             
217  	204  15175.1             
217  	205  15158.7             
217  	206  15136.7             
217  	207  15111.4             
217  	208  15101.4             
217  	209  15106.2             
217  	210  15118.8             
217  	211  15122.6             
217  	212  15115.7             
217  	213  15111.5             
217  	214  15108.1             
217  	215  15106.1             
217  	216  15086.8             
217  	217  15070.5             
217  	218  15058.4             
217  	219  15035.5             
217  	220  15012               
217  	221  14990.8             
217  	222  14968.8             
217  	223  14947               
217  	224  14925.4             
217  	225  14907.4             
217  	226  14891.3             
217  	227  14877.2             
217  	228  14864.7             
217  	229  14853.3             
217  	230  14843               
217  	231  14842.3             
217  	232  14826.4             
217  	233  14819               
217  	234  14817.3             
217  	235  14812.8             
217  	236  14809.4             
217  	237  14807.2             
217  	238  14805.6             
217  	239  14804.4             
217  	240  14803.2             
217  	241  14801.8             
217  	242  14800.7             
217  	243  14799.8             
217  	244  14799.3             
217  	245  14799               
217  	246  14798.6             
217  	247  14798.2             
217  	248  14797.8             
217  	249  14797.5             
217  	250  14797.4             
217  	251  14797.2             
217  	252  14797               
217  	253  14796.8             
217  	254  14796.6             
217  	255  14796.4             
217  	256  14796.3             
217  	257  14796.1             
217  	258  14796               
217  	259  14796               
217  	260  14796               
217  	261  14796.1             
217  	262  14796.3             
217  	263  14796.5             
217  	264  14797               
217  	265  14797.7             
217  	266  14798.7             
217  	267  14799.4             
217  	268  14800.8             
217  	269  14801.9             
217  	270  14803.4             
217  	271  14805.1             
217  	272  14806.9             
217  	273  14810.1             
217  	274  14812.2             
217  	275  14814.2             
217  	276  14816.3             
217  	277  14818.5             
217  	278  14820.6             
217  	279  14822.6             
217  	280  14824.7             
217  	281  14826.7             
217  	282  14828.6             
217  	283  14830.4             
217  	284  14832.1             
217  	285  14833.8             
217  	286  14835.4             
217  	287  14836.8             
217  	288  14838.2             
217  	289  14839.5             
217  	290  14840.7             
217  	291  14841.9             
217  	292  14842.9             
217  	293  14843.9             
217  	294  14844.8             
217  	295  14845.7             
217  	296  14846.4             
217  	297  14847.2             
217  	298  14847.9             
217  	299  14848.5             
