255  	0    15003.8             
255  	1    15012.7             
255  	2    15006.2             
255  	3    15007.9             
255  	4    15009.9             
255  	5    15012.4             
255  	6    15015.3             
255  	7    15018.7             
255  	8    15022.3             
255  	9    15026               
255  	10   15029.7             
255  	11   15031.3             
255  	12   15030.7             
255  	13   15027.1             
255  	14   15017.1             
255  	15   15006.2             
255  	16   14999.4             
255  	17   15003.8             
255  	18   15021.6             
255  	19   15046.5             
255  	20   15059.7             
255  	21   15059.1             
255  	22   15046.1             
255  	23   15020.6             
255  	24   15002.5             
255  	25   14996.4             
255  	26   15008.3             
255  	27   15039.7             
255  	28   15092.9             
255  	29   15138.8             
255  	30   15156.2             
255  	31   15074.2             
255  	32   15021.4             
255  	33   15188.8             
255  	34   15214.8             
255  	35   15027.4             
255  	36   14997.2             
255  	37   15134.2             
255  	38   15143.1             
255  	39   15025.1             
255  	40   15192.3             
255  	41   15017.8             
255  	42   14978.3             
255  	43   15131.5             
255  	44   14960.3             
255  	45   15011.3             
255  	46   14954.3             
255  	47   14949.8             
255  	48   14946               
255  	49   14940.3             
255  	50   14910.8             
255  	51   14926.1             
255  	52   14899.5             
255  	53   14881.3             
255  	54   14887.2             
255  	55   14907.6             
255  	56   14907               
255  	57   14906.8             
255  	58   14908.9             
255  	59   14910.9             
255  	60   14939.7             
255  	61   14937.9             
255  	62   14961.5             
255  	63   15010.6             
255  	64   15054.2             
255  	65   15097.4             
255  	66   15141.4             
255  	67   15127.4             
255  	68   15087.8             
255  	69   15051.8             
255  	70   15002.8             
255  	71   14977.6             
255  	72   14982.6             
255  	73   14980.3             
255  	74   14974.2             
255  	75   14976.3             
255  	76   14962.6             
255  	77   14914.1             
255  	78   14883               
255  	79   14876.2             
255  	80   14899.4             
255  	81   14957.2             
255  	82   14948.9             
255  	83   14920.4             
255  	84   14905.5             
255  	85   14871.1             
255  	86   14857.3             
255  	87   14861.4             
255  	88   14858.6             
255  	89   14867.1             
255  	90   14888.5             
255  	91   14844               
255  	92   14842               
255  	93   14869.4             
255  	94   14846.4             
255  	95   14844               
255  	96   14857.4             
255  	97   14844.3             
255  	98   14843.3             
255  	99   14849.9             
255  	100  14844.4             
255  	101  14843.7             
255  	102  14843.5             
255  	103  14845.2             
255  	104  14846.7             
255  	105  14845.9             
255  	106  14844               
255  	107  14843.3             
255  	108  14843.3             
255  	109  14843               
255  	110  14842.9             
255  	111  14843.2             
255  	112  14843.5             
255  	113  14844               
255  	114  14844.7             
255  	115  14843.9             
255  	116  14843.5             
255  	117  14843.8             
255  	118  14844.2             
255  	119  14844.6             
255  	120  14845.2             
255  	121  14845.8             
255  	122  14846.4             
255  	123  14846.9             
255  	124  14848.2             
255  	125  14849.5             
255  	126  14850.2             
255  	127  14851.4             
255  	128  14853               
255  	129  14855.1             
255  	130  14857.1             
255  	131  14859.7             
255  	132  14863.5             
255  	133  14866.7             
255  	134  14871               
255  	135  14877.9             
255  	136  14883.4             
255  	137  14889.3             
255  	138  14896.6             
255  	139  14904               
255  	140  14911.9             
255  	141  14920.5             
255  	142  14929.5             
255  	143  14939.1             
255  	144  14949.8             
255  	145  14961.6             
255  	146  14974.4             
255  	147  14988.6             
255  	148  15004.2             
255  	149  15021               
255  	150  15039.5             
255  	151  15059.6             
255  	152  15081.1             
255  	153  15104.3             
255  	154  15129.2             
255  	155  15155.4             
255  	156  15183               
255  	157  15211.8             
255  	158  15241.4             
255  	159  15271.6             
255  	160  15301.8             
255  	161  15332.1             
255  	162  15361.4             
255  	163  15389.5             
255  	164  15417               
255  	165  15442.5             
255  	166  15466.8             
255  	167  15490.6             
255  	168  15513.2             
255  	169  15535.5             
255  	170  15557.7             
255  	171  15578.3             
255  	172  15596.3             
255  	173  15611.5             
255  	174  15618.4             
255  	175  15616.7             
255  	176  15608.9             
255  	177  15590.2             
255  	178  15566.8             
255  	179  15540               
255  	180  15506.4             
255  	181  15472.4             
255  	182  15440.1             
255  	183  15419.4             
255  	184  15401.8             
255  	185  15386.6             
255  	186  15369.9             
255  	187  15347.1             
255  	188  15318.9             
255  	189  15277.6             
255  	190  15241.4             
255  	191  15209.6             
255  	192  15187.4             
255  	193  15157.4             
255  	194  15122.1             
255  	195  15087.9             
255  	196  15069.2             
255  	197  15062.7             
255  	198  15045.8             
255  	199  15038.9             
255  	200  15041               
255  	201  15034.3             
255  	202  15026.7             
255  	203  15018.5             
255  	204  15011.2             
255  	205  15003.3             
255  	206  14994.8             
255  	207  14994.6             
255  	208  14994.9             
255  	209  14995.6             
255  	210  14989.1             
255  	211  14982.8             
255  	212  14977.2             
255  	213  14975.3             
255  	214  14971.7             
255  	215  14965.7             
255  	216  14961.4             
255  	217  14956.5             
255  	218  14950.6             
255  	219  14946.4             
255  	220  14942               
255  	221  14937.1             
255  	222  14933.9             
255  	223  14930.4             
255  	224  14926.2             
255  	225  14921.4             
255  	226  14917               
255  	227  14912.9             
255  	228  14909.6             
255  	229  14906.6             
255  	230  14903.9             
255  	231  14901.9             
255  	232  14899.9             
255  	233  14897.7             
255  	234  14896.2             
255  	235  14895               
255  	236  14893.7             
255  	237  14892.7             
255  	238  14891.7             
255  	239  14890.7             
255  	240  14889.6             
255  	241  14888.6             
255  	242  14888               
255  	243  14887.4             
255  	244  14886.9             
255  	245  14886.1             
255  	246  14885.5             
255  	247  14884.8             
255  	248  14884.2             
255  	249  14883.5             
255  	250  14883               
255  	251  14882.5             
255  	252  14882               
255  	253  14881.3             
255  	254  14880.7             
255  	255  14880.1             
255  	256  14879.5             
255  	257  14878.9             
255  	258  14878.3             
255  	259  14877.6             
255  	260  14877               
255  	261  14876.3             
255  	262  14875.5             
255  	263  14874.8             
255  	264  14874.1             
255  	265  14873.3             
255  	266  14872.6             
255  	267  14871.7             
255  	268  14870.9             
255  	269  14870               
255  	270  14869.1             
255  	271  14872.1             
255  	272  14867.3             
255  	273  14866.4             
255  	274  14865.5             
255  	275  14864.5             
255  	276  14863.6             
255  	277  14862.7             
255  	278  14861.8             
255  	279  14860.9             
255  	280  14860               
255  	281  14859.1             
255  	282  14858.3             
255  	283  14857.4             
255  	284  14856.6             
255  	285  14855.9             
255  	286  14855.1             
255  	287  14854.4             
255  	288  14853.7             
255  	289  14853               
255  	290  14852.4             
255  	291  14851.8             
255  	292  14851.2             
255  	293  14850.6             
255  	294  14850.1             
255  	295  14849.6             
255  	296  14849.1             
255  	297  14848.7             
255  	298  14848.3             
255  	299  14847.9             
