258  	0    15003.5             
258  	1    15004.5             
258  	2    15006.1             
258  	3    15007.3             
258  	4    15009.1             
258  	5    15011.4             
258  	6    15014               
258  	7    15017               
258  	8    15020.1             
258  	9    15023.4             
258  	10   15026.5             
258  	11   15027.7             
258  	12   15026.9             
258  	13   15023.5             
258  	14   15014.7             
258  	15   15005.3             
258  	16   14999.2             
258  	17   15002.4             
258  	18   15017               
258  	19   15038.1             
258  	20   15050.3             
258  	21   15050.9             
258  	22   15040.3             
258  	23   15018.1             
258  	24   15001.9             
258  	25   14996.1             
258  	26   15007               
258  	27   15035.7             
258  	28   15086.1             
258  	29   15128               
258  	30   15141.2             
258  	31   15065               
258  	32   15016.2             
258  	33   15159.4             
258  	34   15187.7             
258  	35   15023.1             
258  	36   14996.8             
258  	37   15123.5             
258  	38   15128.9             
258  	39   15020.2             
258  	40   15163.1             
258  	41   15012.6             
258  	42   14978.1             
258  	43   15119.2             
258  	44   14960.9             
258  	45   15004.1             
258  	46   14954.9             
258  	47   14950.3             
258  	48   14945.9             
258  	49   14939.6             
258  	50   14912.1             
258  	51   14925               
258  	52   14899               
258  	53   14880.1             
258  	54   14882.3             
258  	55   14898.4             
258  	56   14893.4             
258  	57   14887.1             
258  	58   14881.1             
258  	59   14875.7             
258  	60   14893.5             
258  	61   14887.8             
258  	62   14907.9             
258  	63   14951.7             
258  	64   14994.5             
258  	65   15040.7             
258  	66   15088.3             
258  	67   15086.3             
258  	68   15060.2             
258  	69   15034.7             
258  	70   14995.1             
258  	71   14974.8             
258  	72   14980.5             
258  	73   14977.9             
258  	74   14971.2             
258  	75   14971.4             
258  	76   14957.9             
258  	77   14911.4             
258  	78   14880.3             
258  	79   14873.8             
258  	80   14894.6             
258  	81   14945.7             
258  	82   14941.8             
258  	83   14918.3             
258  	84   14905.8             
258  	85   14874.5             
258  	86   14861.5             
258  	87   14864.6             
258  	88   14862.2             
258  	89   14870.2             
258  	90   14889.5             
258  	91   14849.3             
258  	92   14847.7             
258  	93   14873               
258  	94   14851.8             
258  	95   14849.6             
258  	96   14861.9             
258  	97   14850               
258  	98   14849.6             
258  	99   14856.1             
258  	100  14850.1             
258  	101  14849.4             
258  	102  14849.1             
258  	103  14859.6             
258  	104  14852.4             
258  	105  14851.6             
258  	106  14849.8             
258  	107  14849.2             
258  	108  14849.3             
258  	109  14849               
258  	110  14848.9             
258  	111  14849.2             
258  	112  14849.3             
258  	113  14849.9             
258  	114  14850.8             
258  	115  14850               
258  	116  14849.5             
258  	117  14849.7             
258  	118  14850.2             
258  	119  14850.8             
258  	120  14851.1             
258  	121  14851.9             
258  	122  14852.5             
258  	123  14852.8             
258  	124  14854.1             
258  	125  14855.4             
258  	126  14856.2             
258  	127  14857.3             
258  	128  14858.8             
258  	129  14860.8             
258  	130  14862.7             
258  	131  14865.1             
258  	132  14868.7             
258  	133  14871.7             
258  	134  14875.6             
258  	135  14881.5             
258  	136  14886.9             
258  	137  14891.8             
258  	138  14897               
258  	139  14904.4             
258  	140  14912.2             
258  	141  14919.6             
258  	142  14928.2             
258  	143  14937.4             
258  	144  14947               
258  	145  14957.7             
258  	146  14969.1             
258  	147  14981.7             
258  	148  14995.5             
258  	149  15010.4             
258  	150  15026.6             
258  	151  15044.3             
258  	152  15063.1             
258  	153  15083.3             
258  	154  15104.8             
258  	155  15127.5             
258  	156  15151.2             
258  	157  15175.7             
258  	158  15200.9             
258  	159  15226.4             
258  	160  15251.7             
258  	161  15277               
258  	162  15301.3             
258  	163  15324.6             
258  	164  15347.4             
258  	165  15368.6             
258  	166  15389               
258  	167  15409.1             
258  	168  15428.4             
258  	169  15447.4             
258  	170  15466.2             
258  	171  15483.4             
258  	172  15497.3             
258  	173  15508.3             
258  	174  15510.9             
258  	175  15506.4             
258  	176  15496.7             
258  	177  15479.5             
258  	178  15459.2             
258  	179  15436.4             
258  	180  15408.3             
258  	181  15382.2             
258  	182  15359.1             
258  	183  15347.1             
258  	184  15335               
258  	185  15323.3             
258  	186  15308.6             
258  	187  15285.9             
258  	188  15257.4             
258  	189  15222.2             
258  	190  15195               
258  	191  15174.1             
258  	192  15155.6             
258  	193  15126.8             
258  	194  15091.4             
258  	195  15068.1             
258  	196  15055.2             
258  	197  15050.7             
258  	198  15035.5             
258  	199  15029.6             
258  	200  15032.2             
258  	201  15026.4             
258  	202  15019.3             
258  	203  15010.8             
258  	204  15002.8             
258  	205  14996.4             
258  	206  14991.4             
258  	207  14991.3             
258  	208  14990.9             
258  	209  14990.2             
258  	210  14984.4             
258  	211  14979.1             
258  	212  14974.8             
258  	213  14973.1             
258  	214  14969.8             
258  	215  14964               
258  	216  14960.5             
258  	217  14956.3             
258  	218  14951.1             
258  	219  14948               
258  	220  14944.5             
258  	221  14940               
258  	222  14937               
258  	223  14933.9             
258  	224  14930.4             
258  	225  14926.3             
258  	226  14922.4             
258  	227  14919               
258  	228  14916.1             
258  	229  14913.5             
258  	230  14911.3             
258  	231  14909.5             
258  	232  14907.8             
258  	233  14905.9             
258  	234  14904.6             
258  	235  14903.5             
258  	236  14902.3             
258  	237  14901.4             
258  	238  14900.4             
258  	239  14899.4             
258  	240  14898.4             
258  	241  14897.6             
258  	242  14896.9             
258  	243  14896.4             
258  	244  14895.9             
258  	245  14895.2             
258  	246  14894.6             
258  	247  14893.9             
258  	248  14894.3             
258  	249  14892.7             
258  	250  14892.1             
258  	251  14891.7             
258  	252  14891.1             
258  	253  14890.5             
258  	254  14889.9             
258  	255  14889.2             
258  	256  14888.6             
258  	257  14888               
258  	258  14887.4             
258  	259  14886.8             
258  	260  14886               
258  	261  14885.4             
258  	262  14884.5             
258  	263  14883.8             
258  	264  14883               
258  	265  14882.2             
258  	266  14881.4             
258  	267  14880.5             
258  	268  14879.6             
258  	269  14878.7             
258  	270  14877.8             
258  	271  14876.8             
258  	272  14875.8             
258  	273  14874.8             
258  	274  14873.8             
258  	275  14872.8             
258  	276  14871.8             
258  	277  14870.8             
258  	278  14869.8             
258  	279  14868.8             
258  	280  14867.9             
258  	281  14866.9             
258  	282  14866               
258  	283  14865.1             
258  	284  14864.2             
258  	285  14863.3             
258  	286  14862.5             
258  	287  14864.1             
258  	288  14860.9             
258  	289  14860.2             
258  	290  14859.5             
258  	291  14858.8             
258  	292  14858.2             
258  	293  14857.5             
258  	294  14857.3             
258  	295  14856.4             
258  	296  14855.8             
258  	297  14855.3             
258  	298  14854.8             
258  	299  14854.4             
